# X Y Z
1 0 0 0
2 1 0 0
3 2 0 0
4 3 0 0
5 4 0 0
6 5 0 0
7 6 0 0
8 7 0 0
9 8 0 0
10 9 0 0
11 10 0 0
12 11 0 0
13 12 0 0
14 13 0 0
15 14 0 0
16 15 0 0
17 16 0 0
18 17 0 0
19 18 0 0
20 19 0 0
21 20 0 0
22 21 0 0
23 22 0 0
24 23 0 0
25 24 0 0
26 25 0 0
27 26 0 0
28 27 0 0
29 28 0 0
30 29 0 0
31 30 0 0
32 31 0 0
33 32 0 0
34 33 0 0
35 34 0 0
36 35 0 0
37 36 0 0
38 37 0 0
39 38 0 0
40 39 0 0
41 40 0 0
42 41 0 0
43 42 0 0
44 43 0 0
45 44 0 0
46 45 0 0
47 46 0 0
48 47 0 0
49 48 0 0
50 49 0 0
51 50 0 0
52 51 0 0
53 52 0 0
54 53 0 0
55 54 0 0
56 55 0 0
57 56 0 0
58 57 0 0
59 58 0 0
60 59 0 0
61 60 0 0
62 61 0 0
63 62 0 0
64 63 0 0
65 64 0 0
66 65 0 0
67 66 0 0
68 67 0 0
69 68 0 0
70 69 0 0
71 70 0 0
72 71 0 0
# A B M N
1 1 2 3 4
2 1 2 4 5
3 1 2 5 6
4 1 2 6 7
5 1 2 7 8
6 1 2 8 9
7 1 2 9 10
8 1 2 10 11
9 1 2 11 12
10 1 2 12 13
11 1 3 5 7
12 1 3 7 9
13 1 3 9 11
14 1 3 11 13
15 1 3 13 15
16 1 3 15 17
17 1 3 17 19
18 1 3 19 21
19 1 3 21 23
20 1 3 23 25
21 1 4 7 10
22 1 4 10 13
23 1 4 13 16
24 1 4 16 19
25 1 4 19 22
26 1 4 22 25
27 1 4 25 28
28 1 4 28 31
29 1 4 31 34
30 1 4 34 37
31 1 5 9 13
32 1 5 13 17
33 1 5 17 21
34 1 5 21 25
35 1 5 25 29
36 1 5 29 33
37 1 5 33 37
38 1 5 37 41
39 1 5 41 45
40 1 5 45 49
41 1 6 11 16
42 1 6 16 21
43 1 6 21 26
44 1 6 26 31
45 1 6 31 36
46 1 6 36 41
47 1 6 41 46
48 1 6 46 51
49 1 6 51 56
50 1 6 56 61
51 1 7 13 19
52 1 7 19 25
53 1 7 25 31
54 1 7 31 37
55 1 7 37 43
56 1 7 43 49
57 1 7 49 55
58 1 7 55 61
59 1 7 61 67
60 1 8 15 22
61 1 8 22 29
62 1 8 29 36
63 1 8 36 43
64 1 8 43 50
65 1 8 50 57
66 1 8 57 64
67 1 8 64 71
68 13 12 11 10
69 13 12 10 9
70 13 12 9 8
71 13 12 8 7
72 13 12 7 6
73 13 12 6 5
74 13 12 5 4
75 13 12 4 3
76 13 12 3 2
77 13 12 2 1
78 12 11 10 9
79 12 11 9 8
80 12 11 8 7
81 12 11 7 6
82 12 11 6 5
83 12 11 5 4
84 12 11 4 3
85 12 11 3 2
86 12 11 2 1
87 11 10 9 8
88 11 10 8 7
89 11 10 7 6
90 11 10 6 5
91 11 10 5 4
92 11 10 4 3
93 11 10 3 2
94 11 10 2 1
95 10 9 8 7
96 10 9 7 6
97 10 9 6 5
98 10 9 5 4
99 10 9 4 3
100 10 9 3 2
101 10 9 2 1
102 25 23 21 19
103 25 23 19 17
104 25 23 17 15
105 25 23 15 13
106 25 23 13 11
107 25 23 11 9
108 25 23 9 7
109 25 23 7 5
110 25 23 5 3
111 25 23 3 1
112 23 21 19 17
113 23 21 17 15
114 23 21 15 13
115 23 21 13 11
116 23 21 11 9
117 23 21 9 7
118 23 21 7 5
119 23 21 5 3
120 23 21 3 1
121 21 19 17 15
122 21 19 15 13
123 21 19 13 11
124 21 19 11 9
125 21 19 9 7
126 21 19 7 5
127 21 19 5 3
128 21 19 3 1
129 19 17 15 13
130 19 17 13 11
131 19 17 11 9
132 19 17 9 7
133 19 17 7 5
134 19 17 5 3
135 19 17 3 1
136 37 34 31 28
137 37 34 28 25
138 37 34 25 22
139 37 34 22 19
140 37 34 19 16
141 37 34 16 13
142 37 34 13 10
143 37 34 10 7
144 37 34 7 4
145 37 34 4 1
146 34 31 28 25
147 34 31 25 22
148 34 31 22 19
149 34 31 19 16
150 34 31 16 13
151 34 31 13 10
152 34 31 10 7
153 34 31 7 4
154 34 31 4 1
155 31 28 25 22
156 31 28 22 19
157 31 28 19 16
158 31 28 16 13
159 31 28 13 10
160 31 28 10 7
161 31 28 7 4
162 31 28 4 1
163 28 25 22 19
164 28 25 19 16
165 28 25 16 13
166 28 25 13 10
167 28 25 10 7
168 28 25 7 4
169 28 25 4 1
170 49 45 41 37
171 49 45 37 33
172 49 45 33 29
173 49 45 29 25
174 49 45 25 21
175 49 45 21 17
176 49 45 17 13
177 49 45 13 9
178 49 45 9 5
179 49 45 5 1
180 45 41 37 33
181 45 41 33 29
182 45 41 29 25
183 45 41 25 21
184 45 41 21 17
185 45 41 17 13
186 45 41 13 9
187 45 41 9 5
188 45 41 5 1
189 41 37 33 29
190 41 37 29 25
191 41 37 25 21
192 41 37 21 17
193 41 37 17 13
194 41 37 13 9
195 41 37 9 5
196 41 37 5 1
197 37 33 29 25
198 37 33 25 21
199 37 33 21 17
200 37 33 17 13
201 37 33 13 9
202 37 33 9 5
203 37 33 5 1
204 61 56 51 46
205 61 56 46 41
206 61 56 41 36
207 61 56 36 31
208 61 56 31 26
209 61 56 26 21
210 61 56 21 16
211 61 56 16 11
212 61 56 11 6
213 61 56 6 1
214 56 51 46 41
215 56 51 41 36
216 56 51 36 31
217 56 51 31 26
218 56 51 26 21
219 56 51 21 16
220 56 51 16 11
221 56 51 11 6
222 56 51 6 1
223 51 46 41 36
224 51 46 36 31
225 51 46 31 26
226 51 46 26 21
227 51 46 21 16
228 51 46 16 11
229 51 46 11 6
230 51 46 6 1
231 46 41 36 31
232 46 41 31 26
233 46 41 26 21
234 46 41 21 16
235 46 41 16 11
236 46 41 11 6
237 46 41 6 1
238 67 61 55 49
239 67 61 49 43
240 67 61 43 37
241 67 61 37 31
242 67 61 31 25
243 67 61 25 19
244 67 61 19 13
245 67 61 13 7
246 67 61 7 1
247 61 55 49 43
248 61 55 43 37
249 61 55 37 31
250 61 55 31 25
251 61 55 25 19
252 61 55 19 13
253 61 55 13 7
254 61 55 7 1
255 55 49 43 37
256 55 49 37 31
257 55 49 31 25
258 55 49 25 19
259 55 49 19 13
260 55 49 13 7
261 55 49 7 1
262 71 64 57 50
263 71 64 50 43
264 71 64 43 36
265 71 64 36 29
266 71 64 29 22
267 71 64 22 15
268 71 64 15 8
269 71 64 8 1
270 64 57 50 43
271 64 57 43 36
272 64 57 36 29
273 64 57 29 22
274 64 57 22 15
275 64 57 15 8
276 64 57 8 1
277 2 3 4 5
278 2 3 5 6
279 2 3 6 7
280 2 3 7 8
281 2 3 8 9
282 2 3 9 10
283 2 3 10 11
284 2 3 11 12
285 2 3 12 13
286 2 3 13 14
287 2 4 6 8
288 2 4 8 10
289 2 4 10 12
290 2 4 12 14
291 2 4 14 16
292 2 4 16 18
293 2 4 18 20
294 2 4 20 22
295 2 4 22 24
296 2 4 24 26
297 2 5 8 11
298 2 5 11 14
299 2 5 14 17
300 2 5 17 20
301 2 5 20 23
302 2 5 23 26
303 2 5 26 29
304 2 5 29 32
305 2 5 32 35
306 2 5 35 38
307 2 6 10 14
308 2 6 14 18
309 2 6 18 22
310 2 6 22 26
311 2 6 26 30
312 2 6 30 34
313 2 6 34 38
314 2 6 38 42
315 2 6 42 46
316 2 6 46 50
317 2 7 12 17
318 2 7 17 22
319 2 7 22 27
320 2 7 27 32
321 2 7 32 37
322 2 7 37 42
323 2 7 42 47
324 2 7 47 52
325 2 7 52 57
326 2 7 57 62
327 2 8 14 20
328 2 8 20 26
329 2 8 26 32
330 2 8 32 38
331 2 8 38 44
332 2 8 44 50
333 2 8 50 56
334 2 8 56 62
335 2 8 62 68
336 2 9 16 23
337 2 9 23 30
338 2 9 30 37
339 2 9 37 44
340 2 9 44 51
341 2 9 51 58
342 2 9 58 65
343 14 13 12 11
344 14 13 11 10
345 14 13 10 9
346 14 13 9 8
347 14 13 8 7
348 14 13 7 6
349 14 13 6 5
350 14 13 5 4
351 14 13 4 3
352 14 13 3 2
353 26 24 22 20
354 26 24 20 18
355 26 24 18 16
356 26 24 16 14
357 26 24 14 12
358 26 24 12 10
359 26 24 10 8
360 26 24 8 6
361 26 24 6 4
362 26 24 4 2
363 24 22 20 18
364 24 22 18 16
365 24 22 16 14
366 24 22 14 12
367 24 22 12 10
368 24 22 10 8
369 24 22 8 6
370 24 22 6 4
371 24 22 4 2
372 22 20 18 16
373 22 20 16 14
374 22 20 14 12
375 22 20 12 10
376 22 20 10 8
377 22 20 8 6
378 22 20 6 4
379 22 20 4 2
380 20 18 16 14
381 20 18 14 12
382 20 18 12 10
383 20 18 10 8
384 20 18 8 6
385 20 18 6 4
386 20 18 4 2
387 38 35 32 29
388 38 35 29 26
389 38 35 26 23
390 38 35 23 20
391 38 35 20 17
392 38 35 17 14
393 38 35 14 11
394 38 35 11 8
395 38 35 8 5
396 38 35 5 2
397 35 32 29 26
398 35 32 26 23
399 35 32 23 20
400 35 32 20 17
401 35 32 17 14
402 35 32 14 11
403 35 32 11 8
404 35 32 8 5
405 35 32 5 2
406 32 29 26 23
407 32 29 23 20
408 32 29 20 17
409 32 29 17 14
410 32 29 14 11
411 32 29 11 8
412 32 29 8 5
413 32 29 5 2
414 29 26 23 20
415 29 26 20 17
416 29 26 17 14
417 29 26 14 11
418 29 26 11 8
419 29 26 8 5
420 29 26 5 2
421 50 46 42 38
422 50 46 38 34
423 50 46 34 30
424 50 46 30 26
425 50 46 26 22
426 50 46 22 18
427 50 46 18 14
428 50 46 14 10
429 50 46 10 6
430 50 46 6 2
431 46 42 38 34
432 46 42 34 30
433 46 42 30 26
434 46 42 26 22
435 46 42 22 18
436 46 42 18 14
437 46 42 14 10
438 46 42 10 6
439 46 42 6 2
440 42 38 34 30
441 42 38 30 26
442 42 38 26 22
443 42 38 22 18
444 42 38 18 14
445 42 38 14 10
446 42 38 10 6
447 42 38 6 2
448 38 34 30 26
449 38 34 26 22
450 38 34 22 18
451 38 34 18 14
452 38 34 14 10
453 38 34 10 6
454 38 34 6 2
455 62 57 52 47
456 62 57 47 42
457 62 57 42 37
458 62 57 37 32
459 62 57 32 27
460 62 57 27 22
461 62 57 22 17
462 62 57 17 12
463 62 57 12 7
464 62 57 7 2
465 57 52 47 42
466 57 52 42 37
467 57 52 37 32
468 57 52 32 27
469 57 52 27 22
470 57 52 22 17
471 57 52 17 12
472 57 52 12 7
473 57 52 7 2
474 52 47 42 37
475 52 47 37 32
476 52 47 32 27
477 52 47 27 22
478 52 47 22 17
479 52 47 17 12
480 52 47 12 7
481 52 47 7 2
482 47 42 37 32
483 47 42 32 27
484 47 42 27 22
485 47 42 22 17
486 47 42 17 12
487 47 42 12 7
488 47 42 7 2
489 68 62 56 50
490 68 62 50 44
491 68 62 44 38
492 68 62 38 32
493 68 62 32 26
494 68 62 26 20
495 68 62 20 14
496 68 62 14 8
497 68 62 8 2
498 62 56 50 44
499 62 56 44 38
500 62 56 38 32
501 62 56 32 26
502 62 56 26 20
503 62 56 20 14
504 62 56 14 8
505 62 56 8 2
506 56 50 44 38
507 56 50 38 32
508 56 50 32 26
509 56 50 26 20
510 56 50 20 14
511 56 50 14 8
512 56 50 8 2
513 72 65 58 51
514 72 65 51 44
515 72 65 44 37
516 72 65 37 30
517 72 65 30 23
518 72 65 23 16
519 72 65 16 9
520 72 65 9 2
521 65 58 51 44
522 65 58 44 37
523 65 58 37 30
524 65 58 30 23
525 65 58 23 16
526 65 58 16 9
527 65 58 9 2
528 3 4 5 6
529 3 4 6 7
530 3 4 7 8
531 3 4 8 9
532 3 4 9 10
533 3 4 10 11
534 3 4 11 12
535 3 4 12 13
536 3 4 13 14
537 3 4 14 15
538 3 5 7 9
539 3 5 9 11
540 3 5 11 13
541 3 5 13 15
542 3 5 15 17
543 3 5 17 19
544 3 5 19 21
545 3 5 21 23
546 3 5 23 25
547 3 5 25 27
548 3 6 9 12
549 3 6 12 15
550 3 6 15 18
551 3 6 18 21
552 3 6 21 24
553 3 6 24 27
554 3 6 27 30
555 3 6 30 33
556 3 6 33 36
557 3 6 36 39
558 3 7 11 15
559 3 7 15 19
560 3 7 19 23
561 3 7 23 27
562 3 7 27 31
563 3 7 31 35
564 3 7 35 39
565 3 7 39 43
566 3 7 43 47
567 3 7 47 51
568 3 8 13 18
569 3 8 18 23
570 3 8 23 28
571 3 8 28 33
572 3 8 33 38
573 3 8 38 43
574 3 8 43 48
575 3 8 48 53
576 3 8 53 58
577 3 8 58 63
578 3 9 15 21
579 3 9 21 27
580 3 9 27 33
581 3 9 33 39
582 3 9 39 45
583 3 9 45 51
584 3 9 51 57
585 3 9 57 63
586 3 9 63 69
587 3 10 17 24
588 3 10 24 31
589 3 10 31 38
590 3 10 38 45
591 3 10 45 52
592 3 10 52 59
593 3 10 59 66
594 15 14 13 12
595 15 14 12 11
596 15 14 11 10
597 15 14 10 9
598 15 14 9 8
599 15 14 8 7
600 15 14 7 6
601 15 14 6 5
602 15 14 5 4
603 15 14 4 3
604 27 25 23 21
605 27 25 21 19
606 27 25 19 17
607 27 25 17 15
608 27 25 15 13
609 27 25 13 11
610 27 25 11 9
611 27 25 9 7
612 27 25 7 5
613 27 25 5 3
614 39 36 33 30
615 39 36 30 27
616 39 36 27 24
617 39 36 24 21
618 39 36 21 18
619 39 36 18 15
620 39 36 15 12
621 39 36 12 9
622 39 36 9 6
623 39 36 6 3
624 36 33 30 27
625 36 33 27 24
626 36 33 24 21
627 36 33 21 18
628 36 33 18 15
629 36 33 15 12
630 36 33 12 9
631 36 33 9 6
632 36 33 6 3
633 33 30 27 24
634 33 30 24 21
635 33 30 21 18
636 33 30 18 15
637 33 30 15 12
638 33 30 12 9
639 33 30 9 6
640 33 30 6 3
641 30 27 24 21
642 30 27 21 18
643 30 27 18 15
644 30 27 15 12
645 30 27 12 9
646 30 27 9 6
647 30 27 6 3
648 51 47 43 39
649 51 47 39 35
650 51 47 35 31
651 51 47 31 27
652 51 47 27 23
653 51 47 23 19
654 51 47 19 15
655 51 47 15 11
656 51 47 11 7
657 51 47 7 3
658 47 43 39 35
659 47 43 35 31
660 47 43 31 27
661 47 43 27 23
662 47 43 23 19
663 47 43 19 15
664 47 43 15 11
665 47 43 11 7
666 47 43 7 3
667 43 39 35 31
668 43 39 31 27
669 43 39 27 23
670 43 39 23 19
671 43 39 19 15
672 43 39 15 11
673 43 39 11 7
674 43 39 7 3
675 39 35 31 27
676 39 35 27 23
677 39 35 23 19
678 39 35 19 15
679 39 35 15 11
680 39 35 11 7
681 39 35 7 3
682 63 58 53 48
683 63 58 48 43
684 63 58 43 38
685 63 58 38 33
686 63 58 33 28
687 63 58 28 23
688 63 58 23 18
689 63 58 18 13
690 63 58 13 8
691 63 58 8 3
692 58 53 48 43
693 58 53 43 38
694 58 53 38 33
695 58 53 33 28
696 58 53 28 23
697 58 53 23 18
698 58 53 18 13
699 58 53 13 8
700 58 53 8 3
701 53 48 43 38
702 53 48 38 33
703 53 48 33 28
704 53 48 28 23
705 53 48 23 18
706 53 48 18 13
707 53 48 13 8
708 53 48 8 3
709 48 43 38 33
710 48 43 33 28
711 48 43 28 23
712 48 43 23 18
713 48 43 18 13
714 48 43 13 8
715 48 43 8 3
716 69 63 57 51
717 69 63 51 45
718 69 63 45 39
719 69 63 39 33
720 69 63 33 27
721 69 63 27 21
722 69 63 21 15
723 69 63 15 9
724 69 63 9 3
725 63 57 51 45
726 63 57 45 39
727 63 57 39 33
728 63 57 33 27
729 63 57 27 21
730 63 57 21 15
731 63 57 15 9
732 63 57 9 3
733 57 51 45 39
734 57 51 39 33
735 57 51 33 27
736 57 51 27 21
737 57 51 21 15
738 57 51 15 9
739 57 51 9 3
740 66 59 52 45
741 66 59 45 38
742 66 59 38 31
743 66 59 31 24
744 66 59 24 17
745 66 59 17 10
746 66 59 10 3
747 4 5 6 7
748 4 5 7 8
749 4 5 8 9
750 4 5 9 10
751 4 5 10 11
752 4 5 11 12
753 4 5 12 13
754 4 5 13 14
755 4 5 14 15
756 4 5 15 16
757 4 6 8 10
758 4 6 10 12
759 4 6 12 14
760 4 6 14 16
761 4 6 16 18
762 4 6 18 20
763 4 6 20 22
764 4 6 22 24
765 4 6 24 26
766 4 6 26 28
767 4 7 10 13
768 4 7 13 16
769 4 7 16 19
770 4 7 19 22
771 4 7 22 25
772 4 7 25 28
773 4 7 28 31
774 4 7 31 34
775 4 7 34 37
776 4 7 37 40
777 4 8 12 16
778 4 8 16 20
779 4 8 20 24
780 4 8 24 28
781 4 8 28 32
782 4 8 32 36
783 4 8 36 40
784 4 8 40 44
785 4 8 44 48
786 4 8 48 52
787 4 9 14 19
788 4 9 19 24
789 4 9 24 29
790 4 9 29 34
791 4 9 34 39
792 4 9 39 44
793 4 9 44 49
794 4 9 49 54
795 4 9 54 59
796 4 9 59 64
797 4 10 16 22
798 4 10 22 28
799 4 10 28 34
800 4 10 34 40
801 4 10 40 46
802 4 10 46 52
803 4 10 52 58
804 4 10 58 64
805 4 10 64 70
806 4 11 18 25
807 4 11 25 32
808 4 11 32 39
809 4 11 39 46
810 4 11 46 53
811 4 11 53 60
812 4 11 60 67
813 16 15 14 13
814 16 15 13 12
815 16 15 12 11
816 16 15 11 10
817 16 15 10 9
818 16 15 9 8
819 16 15 8 7
820 16 15 7 6
821 16 15 6 5
822 16 15 5 4
823 28 26 24 22
824 28 26 22 20
825 28 26 20 18
826 28 26 18 16
827 28 26 16 14
828 28 26 14 12
829 28 26 12 10
830 28 26 10 8
831 28 26 8 6
832 28 26 6 4
833 40 37 34 31
834 40 37 31 28
835 40 37 28 25
836 40 37 25 22
837 40 37 22 19
838 40 37 19 16
839 40 37 16 13
840 40 37 13 10
841 40 37 10 7
842 40 37 7 4
843 52 48 44 40
844 52 48 40 36
845 52 48 36 32
846 52 48 32 28
847 52 48 28 24
848 52 48 24 20
849 52 48 20 16
850 52 48 16 12
851 52 48 12 8
852 52 48 8 4
853 48 44 40 36
854 48 44 36 32
855 48 44 32 28
856 48 44 28 24
857 48 44 24 20
858 48 44 20 16
859 48 44 16 12
860 48 44 12 8
861 48 44 8 4
862 44 40 36 32
863 44 40 32 28
864 44 40 28 24
865 44 40 24 20
866 44 40 20 16
867 44 40 16 12
868 44 40 12 8
869 44 40 8 4
870 40 36 32 28
871 40 36 28 24
872 40 36 24 20
873 40 36 20 16
874 40 36 16 12
875 40 36 12 8
876 40 36 8 4
877 64 59 54 49
878 64 59 49 44
879 64 59 44 39
880 64 59 39 34
881 64 59 34 29
882 64 59 29 24
883 64 59 24 19
884 64 59 19 14
885 64 59 14 9
886 64 59 9 4
887 59 54 49 44
888 59 54 44 39
889 59 54 39 34
890 59 54 34 29
891 59 54 29 24
892 59 54 24 19
893 59 54 19 14
894 59 54 14 9
895 59 54 9 4
896 54 49 44 39
897 54 49 39 34
898 54 49 34 29
899 54 49 29 24
900 54 49 24 19
901 54 49 19 14
902 54 49 14 9
903 54 49 9 4
904 49 44 39 34
905 49 44 34 29
906 49 44 29 24
907 49 44 24 19
908 49 44 19 14
909 49 44 14 9
910 49 44 9 4
911 70 64 58 52
912 70 64 52 46
913 70 64 46 40
914 70 64 40 34
915 70 64 34 28
916 70 64 28 22
917 70 64 22 16
918 70 64 16 10
919 70 64 10 4
920 64 58 52 46
921 64 58 46 40
922 64 58 40 34
923 64 58 34 28
924 64 58 28 22
925 64 58 22 16
926 64 58 16 10
927 64 58 10 4
928 58 52 46 40
929 58 52 40 34
930 58 52 34 28
931 58 52 28 22
932 58 52 22 16
933 58 52 16 10
934 58 52 10 4
935 67 60 53 46
936 67 60 46 39
937 67 60 39 32
938 67 60 32 25
939 67 60 25 18
940 67 60 18 11
941 67 60 11 4
942 5 6 7 8
943 5 6 8 9
944 5 6 9 10
945 5 6 10 11
946 5 6 11 12
947 5 6 12 13
948 5 6 13 14
949 5 6 14 15
950 5 6 15 16
951 5 6 16 17
952 5 7 9 11
953 5 7 11 13
954 5 7 13 15
955 5 7 15 17
956 5 7 17 19
957 5 7 19 21
958 5 7 21 23
959 5 7 23 25
960 5 7 25 27
961 5 7 27 29
962 5 8 11 14
963 5 8 14 17
964 5 8 17 20
965 5 8 20 23
966 5 8 23 26
967 5 8 26 29
968 5 8 29 32
969 5 8 32 35
970 5 8 35 38
971 5 8 38 41
972 5 9 13 17
973 5 9 17 21
974 5 9 21 25
975 5 9 25 29
976 5 9 29 33
977 5 9 33 37
978 5 9 37 41
979 5 9 41 45
980 5 9 45 49
981 5 9 49 53
982 5 10 15 20
983 5 10 20 25
984 5 10 25 30
985 5 10 30 35
986 5 10 35 40
987 5 10 40 45
988 5 10 45 50
989 5 10 50 55
990 5 10 55 60
991 5 10 60 65
992 5 11 17 23
993 5 11 23 29
994 5 11 29 35
995 5 11 35 41
996 5 11 41 47
997 5 11 47 53
998 5 11 53 59
999 5 11 59 65
1000 5 11 65 71
1001 5 12 19 26
1002 5 12 26 33
1003 5 12 33 40
1004 5 12 40 47
1005 5 12 47 54
1006 5 12 54 61
1007 5 12 61 68
1008 17 16 15 14
1009 17 16 14 13
1010 17 16 13 12
1011 17 16 12 11
1012 17 16 11 10
1013 17 16 10 9
1014 17 16 9 8
1015 17 16 8 7
1016 17 16 7 6
1017 17 16 6 5
1018 29 27 25 23
1019 29 27 23 21
1020 29 27 21 19
1021 29 27 19 17
1022 29 27 17 15
1023 29 27 15 13
1024 29 27 13 11
1025 29 27 11 9
1026 29 27 9 7
1027 29 27 7 5
1028 41 38 35 32
1029 41 38 32 29
1030 41 38 29 26
1031 41 38 26 23
1032 41 38 23 20
1033 41 38 20 17
1034 41 38 17 14
1035 41 38 14 11
1036 41 38 11 8
1037 41 38 8 5
1038 53 49 45 41
1039 53 49 41 37
1040 53 49 37 33
1041 53 49 33 29
1042 53 49 29 25
1043 53 49 25 21
1044 53 49 21 17
1045 53 49 17 13
1046 53 49 13 9
1047 53 49 9 5
1048 65 60 55 50
1049 65 60 50 45
1050 65 60 45 40
1051 65 60 40 35
1052 65 60 35 30
1053 65 60 30 25
1054 65 60 25 20
1055 65 60 20 15
1056 65 60 15 10
1057 65 60 10 5
1058 60 55 50 45
1059 60 55 45 40
1060 60 55 40 35
1061 60 55 35 30
1062 60 55 30 25
1063 60 55 25 20
1064 60 55 20 15
1065 60 55 15 10
1066 60 55 10 5
1067 55 50 45 40
1068 55 50 40 35
1069 55 50 35 30
1070 55 50 30 25
1071 55 50 25 20
1072 55 50 20 15
1073 55 50 15 10
1074 55 50 10 5
1075 50 45 40 35
1076 50 45 35 30
1077 50 45 30 25
1078 50 45 25 20
1079 50 45 20 15
1080 50 45 15 10
1081 50 45 10 5
1082 71 65 59 53
1083 71 65 53 47
1084 71 65 47 41
1085 71 65 41 35
1086 71 65 35 29
1087 71 65 29 23
1088 71 65 23 17
1089 71 65 17 11
1090 71 65 11 5
1091 65 59 53 47
1092 65 59 47 41
1093 65 59 41 35
1094 65 59 35 29
1095 65 59 29 23
1096 65 59 23 17
1097 65 59 17 11
1098 65 59 11 5
1099 59 53 47 41
1100 59 53 41 35
1101 59 53 35 29
1102 59 53 29 23
1103 59 53 23 17
1104 59 53 17 11
1105 59 53 11 5
1106 68 61 54 47
1107 68 61 47 40
1108 68 61 40 33
1109 68 61 33 26
1110 68 61 26 19
1111 68 61 19 12
1112 68 61 12 5
1113 6 7 8 9
1114 6 7 9 10
1115 6 7 10 11
1116 6 7 11 12
1117 6 7 12 13
1118 6 7 13 14
1119 6 7 14 15
1120 6 7 15 16
1121 6 7 16 17
1122 6 7 17 18
1123 6 8 10 12
1124 6 8 12 14
1125 6 8 14 16
1126 6 8 16 18
1127 6 8 18 20
1128 6 8 20 22
1129 6 8 22 24
1130 6 8 24 26
1131 6 8 26 28
1132 6 8 28 30
1133 6 9 12 15
1134 6 9 15 18
1135 6 9 18 21
1136 6 9 21 24
1137 6 9 24 27
1138 6 9 27 30
1139 6 9 30 33
1140 6 9 33 36
1141 6 9 36 39
1142 6 9 39 42
1143 6 10 14 18
1144 6 10 18 22
1145 6 10 22 26
1146 6 10 26 30
1147 6 10 30 34
1148 6 10 34 38
1149 6 10 38 42
1150 6 10 42 46
1151 6 10 46 50
1152 6 10 50 54
1153 6 11 16 21
1154 6 11 21 26
1155 6 11 26 31
1156 6 11 31 36
1157 6 11 36 41
1158 6 11 41 46
1159 6 11 46 51
1160 6 11 51 56
1161 6 11 56 61
1162 6 11 61 66
1163 6 12 18 24
1164 6 12 24 30
1165 6 12 30 36
1166 6 12 36 42
1167 6 12 42 48
1168 6 12 48 54
1169 6 12 54 60
1170 6 12 60 66
1171 6 13 20 27
1172 6 13 27 34
1173 6 13 34 41
1174 6 13 41 48
1175 6 13 48 55
1176 6 13 55 62
1177 6 13 62 69
1178 18 17 16 15
1179 18 17 15 14
1180 18 17 14 13
1181 18 17 13 12
1182 18 17 12 11
1183 18 17 11 10
1184 18 17 10 9
1185 18 17 9 8
1186 18 17 8 7
1187 18 17 7 6
1188 30 28 26 24
1189 30 28 24 22
1190 30 28 22 20
1191 30 28 20 18
1192 30 28 18 16
1193 30 28 16 14
1194 30 28 14 12
1195 30 28 12 10
1196 30 28 10 8
1197 30 28 8 6
1198 42 39 36 33
1199 42 39 33 30
1200 42 39 30 27
1201 42 39 27 24
1202 42 39 24 21
1203 42 39 21 18
1204 42 39 18 15
1205 42 39 15 12
1206 42 39 12 9
1207 42 39 9 6
1208 54 50 46 42
1209 54 50 42 38
1210 54 50 38 34
1211 54 50 34 30
1212 54 50 30 26
1213 54 50 26 22
1214 54 50 22 18
1215 54 50 18 14
1216 54 50 14 10
1217 54 50 10 6
1218 66 61 56 51
1219 66 61 51 46
1220 66 61 46 41
1221 66 61 41 36
1222 66 61 36 31
1223 66 61 31 26
1224 66 61 26 21
1225 66 61 21 16
1226 66 61 16 11
1227 66 61 11 6
1228 72 66 60 54
1229 72 66 54 48
1230 72 66 48 42
1231 72 66 42 36
1232 72 66 36 30
1233 72 66 30 24
1234 72 66 24 18
1235 72 66 18 12
1236 72 66 12 6
1237 66 60 54 48
1238 66 60 48 42
1239 66 60 42 36
1240 66 60 36 30
1241 66 60 30 24
1242 66 60 24 18
1243 66 60 18 12
1244 66 60 12 6
1245 60 54 48 42
1246 60 54 42 36
1247 60 54 36 30
1248 60 54 30 24
1249 60 54 24 18
1250 60 54 18 12
1251 60 54 12 6
1252 69 62 55 48
1253 69 62 48 41
1254 69 62 41 34
1255 69 62 34 27
1256 69 62 27 20
1257 69 62 20 13
1258 69 62 13 6
1259 7 8 9 10
1260 7 8 10 11
1261 7 8 11 12
1262 7 8 12 13
1263 7 8 13 14
1264 7 8 14 15
1265 7 8 15 16
1266 7 8 16 17
1267 7 8 17 18
1268 7 8 18 19
1269 7 9 11 13
1270 7 9 13 15
1271 7 9 15 17
1272 7 9 17 19
1273 7 9 19 21
1274 7 9 21 23
1275 7 9 23 25
1276 7 9 25 27
1277 7 9 27 29
1278 7 9 29 31
1279 7 10 13 16
1280 7 10 16 19
1281 7 10 19 22
1282 7 10 22 25
1283 7 10 25 28
1284 7 10 28 31
1285 7 10 31 34
1286 7 10 34 37
1287 7 10 37 40
1288 7 10 40 43
1289 7 11 15 19
1290 7 11 19 23
1291 7 11 23 27
1292 7 11 27 31
1293 7 11 31 35
1294 7 11 35 39
1295 7 11 39 43
1296 7 11 43 47
1297 7 11 47 51
1298 7 11 51 55
1299 7 12 17 22
1300 7 12 22 27
1301 7 12 27 32
1302 7 12 32 37
1303 7 12 37 42
1304 7 12 42 47
1305 7 12 47 52
1306 7 12 52 57
1307 7 12 57 62
1308 7 12 62 67
1309 7 13 19 25
1310 7 13 25 31
1311 7 13 31 37
1312 7 13 37 43
1313 7 13 43 49
1314 7 13 49 55
1315 7 13 55 61
1316 7 13 61 67
1317 7 14 21 28
1318 7 14 28 35
1319 7 14 35 42
1320 7 14 42 49
1321 7 14 49 56
1322 7 14 56 63
1323 7 14 63 70
1324 19 18 17 16
1325 19 18 16 15
1326 19 18 15 14
1327 19 18 14 13
1328 19 18 13 12
1329 19 18 12 11
1330 19 18 11 10
1331 19 18 10 9
1332 19 18 9 8
1333 19 18 8 7
1334 31 29 27 25
1335 31 29 25 23
1336 31 29 23 21
1337 31 29 21 19
1338 31 29 19 17
1339 31 29 17 15
1340 31 29 15 13
1341 31 29 13 11
1342 31 29 11 9
1343 31 29 9 7
1344 43 40 37 34
1345 43 40 34 31
1346 43 40 31 28
1347 43 40 28 25
1348 43 40 25 22
1349 43 40 22 19
1350 43 40 19 16
1351 43 40 16 13
1352 43 40 13 10
1353 43 40 10 7
1354 55 51 47 43
1355 55 51 43 39
1356 55 51 39 35
1357 55 51 35 31
1358 55 51 31 27
1359 55 51 27 23
1360 55 51 23 19
1361 55 51 19 15
1362 55 51 15 11
1363 55 51 11 7
1364 67 62 57 52
1365 67 62 52 47
1366 67 62 47 42
1367 67 62 42 37
1368 67 62 37 32
1369 67 62 32 27
1370 67 62 27 22
1371 67 62 22 17
1372 67 62 17 12
1373 67 62 12 7
1374 70 63 56 49
1375 70 63 49 42
1376 70 63 42 35
1377 70 63 35 28
1378 70 63 28 21
1379 70 63 21 14
1380 70 63 14 7
1381 8 9 10 11
1382 8 9 11 12
1383 8 9 12 13
1384 8 9 13 14
1385 8 9 14 15
1386 8 9 15 16
1387 8 9 16 17
1388 8 9 17 18
1389 8 9 18 19
1390 8 9 19 20
1391 8 10 12 14
1392 8 10 14 16
1393 8 10 16 18
1394 8 10 18 20
1395 8 10 20 22
1396 8 10 22 24
1397 8 10 24 26
1398 8 10 26 28
1399 8 10 28 30
1400 8 10 30 32
1401 8 11 14 17
1402 8 11 17 20
1403 8 11 20 23
1404 8 11 23 26
1405 8 11 26 29
1406 8 11 29 32
1407 8 11 32 35
1408 8 11 35 38
1409 8 11 38 41
1410 8 11 41 44
1411 8 12 16 20
1412 8 12 20 24
1413 8 12 24 28
1414 8 12 28 32
1415 8 12 32 36
1416 8 12 36 40
1417 8 12 40 44
1418 8 12 44 48
1419 8 12 48 52
1420 8 12 52 56
1421 8 13 18 23
1422 8 13 23 28
1423 8 13 28 33
1424 8 13 33 38
1425 8 13 38 43
1426 8 13 43 48
1427 8 13 48 53
1428 8 13 53 58
1429 8 13 58 63
1430 8 13 63 68
1431 8 14 20 26
1432 8 14 26 32
1433 8 14 32 38
1434 8 14 38 44
1435 8 14 44 50
1436 8 14 50 56
1437 8 14 56 62
1438 8 14 62 68
1439 8 15 22 29
1440 8 15 29 36
1441 8 15 36 43
1442 8 15 43 50
1443 8 15 50 57
1444 8 15 57 64
1445 8 15 64 71
1446 20 19 18 17
1447 20 19 17 16
1448 20 19 16 15
1449 20 19 15 14
1450 20 19 14 13
1451 20 19 13 12
1452 20 19 12 11
1453 20 19 11 10
1454 20 19 10 9
1455 20 19 9 8
1456 32 30 28 26
1457 32 30 26 24
1458 32 30 24 22
1459 32 30 22 20
1460 32 30 20 18
1461 32 30 18 16
1462 32 30 16 14
1463 32 30 14 12
1464 32 30 12 10
1465 32 30 10 8
1466 44 41 38 35
1467 44 41 35 32
1468 44 41 32 29
1469 44 41 29 26
1470 44 41 26 23
1471 44 41 23 20
1472 44 41 20 17
1473 44 41 17 14
1474 44 41 14 11
1475 44 41 11 8
1476 56 52 48 44
1477 56 52 44 40
1478 56 52 40 36
1479 56 52 36 32
1480 56 52 32 28
1481 56 52 28 24
1482 56 52 24 20
1483 56 52 20 16
1484 56 52 16 12
1485 56 52 12 8
1486 68 63 58 53
1487 68 63 53 48
1488 68 63 48 43
1489 68 63 43 38
1490 68 63 38 33
1491 68 63 33 28
1492 68 63 28 23
1493 68 63 23 18
1494 68 63 18 13
1495 68 63 13 8
1496 9 10 11 12
1497 9 10 12 13
1498 9 10 13 14
1499 9 10 14 15
1500 9 10 15 16
1501 9 10 16 17
1502 9 10 17 18
1503 9 10 18 19
1504 9 10 19 20
1505 9 10 20 21
1506 9 11 13 15
1507 9 11 15 17
1508 9 11 17 19
1509 9 11 19 21
1510 9 11 21 23
1511 9 11 23 25
1512 9 11 25 27
1513 9 11 27 29
1514 9 11 29 31
1515 9 11 31 33
1516 9 12 15 18
1517 9 12 18 21
1518 9 12 21 24
1519 9 12 24 27
1520 9 12 27 30
1521 9 12 30 33
1522 9 12 33 36
1523 9 12 36 39
1524 9 12 39 42
1525 9 12 42 45
1526 9 13 17 21
1527 9 13 21 25
1528 9 13 25 29
1529 9 13 29 33
1530 9 13 33 37
1531 9 13 37 41
1532 9 13 41 45
1533 9 13 45 49
1534 9 13 49 53
1535 9 13 53 57
1536 9 14 19 24
1537 9 14 24 29
1538 9 14 29 34
1539 9 14 34 39
1540 9 14 39 44
1541 9 14 44 49
1542 9 14 49 54
1543 9 14 54 59
1544 9 14 59 64
1545 9 14 64 69
1546 9 15 21 27
1547 9 15 27 33
1548 9 15 33 39
1549 9 15 39 45
1550 9 15 45 51
1551 9 15 51 57
1552 9 15 57 63
1553 9 15 63 69
1554 9 16 23 30
1555 9 16 30 37
1556 9 16 37 44
1557 9 16 44 51
1558 9 16 51 58
1559 9 16 58 65
1560 21 20 19 18
1561 21 20 18 17
1562 21 20 17 16
1563 21 20 16 15
1564 21 20 15 14
1565 21 20 14 13
1566 21 20 13 12
1567 21 20 12 11
1568 21 20 11 10
1569 21 20 10 9
1570 33 31 29 27
1571 33 31 27 25
1572 33 31 25 23
1573 33 31 23 21
1574 33 31 21 19
1575 33 31 19 17
1576 33 31 17 15
1577 33 31 15 13
1578 33 31 13 11
1579 33 31 11 9
1580 45 42 39 36
1581 45 42 36 33
1582 45 42 33 30
1583 45 42 30 27
1584 45 42 27 24
1585 45 42 24 21
1586 45 42 21 18
1587 45 42 18 15
1588 45 42 15 12
1589 45 42 12 9
1590 57 53 49 45
1591 57 53 45 41
1592 57 53 41 37
1593 57 53 37 33
1594 57 53 33 29
1595 57 53 29 25
1596 57 53 25 21
1597 57 53 21 17
1598 57 53 17 13
1599 57 53 13 9
1600 69 64 59 54
1601 69 64 54 49
1602 69 64 49 44
1603 69 64 44 39
1604 69 64 39 34
1605 69 64 34 29
1606 69 64 29 24
1607 69 64 24 19
1608 69 64 19 14
1609 69 64 14 9
1610 10 11 12 13
1611 10 11 13 14
1612 10 11 14 15
1613 10 11 15 16
1614 10 11 16 17
1615 10 11 17 18
1616 10 11 18 19
1617 10 11 19 20
1618 10 11 20 21
1619 10 11 21 22
1620 10 12 14 16
1621 10 12 16 18
1622 10 12 18 20
1623 10 12 20 22
1624 10 12 22 24
1625 10 12 24 26
1626 10 12 26 28
1627 10 12 28 30
1628 10 12 30 32
1629 10 12 32 34
1630 10 13 16 19
1631 10 13 19 22
1632 10 13 22 25
1633 10 13 25 28
1634 10 13 28 31
1635 10 13 31 34
1636 10 13 34 37
1637 10 13 37 40
1638 10 13 40 43
1639 10 13 43 46
1640 10 14 18 22
1641 10 14 22 26
1642 10 14 26 30
1643 10 14 30 34
1644 10 14 34 38
1645 10 14 38 42
1646 10 14 42 46
1647 10 14 46 50
1648 10 14 50 54
1649 10 14 54 58
1650 10 15 20 25
1651 10 15 25 30
1652 10 15 30 35
1653 10 15 35 40
1654 10 15 40 45
1655 10 15 45 50
1656 10 15 50 55
1657 10 15 55 60
1658 10 15 60 65
1659 10 15 65 70
1660 10 16 22 28
1661 10 16 28 34
1662 10 16 34 40
1663 10 16 40 46
1664 10 16 46 52
1665 10 16 52 58
1666 10 16 58 64
1667 10 16 64 70
1668 22 21 20 19
1669 22 21 19 18
1670 22 21 18 17
1671 22 21 17 16
1672 22 21 16 15
1673 22 21 15 14
1674 22 21 14 13
1675 22 21 13 12
1676 22 21 12 11
1677 22 21 11 10
1678 34 32 30 28
1679 34 32 28 26
1680 34 32 26 24
1681 34 32 24 22
1682 34 32 22 20
1683 34 32 20 18
1684 34 32 18 16
1685 34 32 16 14
1686 34 32 14 12
1687 34 32 12 10
1688 46 43 40 37
1689 46 43 37 34
1690 46 43 34 31
1691 46 43 31 28
1692 46 43 28 25
1693 46 43 25 22
1694 46 43 22 19
1695 46 43 19 16
1696 46 43 16 13
1697 46 43 13 10
1698 58 54 50 46
1699 58 54 46 42
1700 58 54 42 38
1701 58 54 38 34
1702 58 54 34 30
1703 58 54 30 26
1704 58 54 26 22
1705 58 54 22 18
1706 58 54 18 14
1707 58 54 14 10
1708 70 65 60 55
1709 70 65 55 50
1710 70 65 50 45
1711 70 65 45 40
1712 70 65 40 35
1713 70 65 35 30
1714 70 65 30 25
1715 70 65 25 20
1716 70 65 20 15
1717 70 65 15 10
1718 11 12 13 14
1719 11 12 14 15
1720 11 12 15 16
1721 11 12 16 17
1722 11 12 17 18
1723 11 12 18 19
1724 11 12 19 20
1725 11 12 20 21
1726 11 12 21 22
1727 11 12 22 23
1728 11 13 15 17
1729 11 13 17 19
1730 11 13 19 21
1731 11 13 21 23
1732 11 13 23 25
1733 11 13 25 27
1734 11 13 27 29
1735 11 13 29 31
1736 11 13 31 33
1737 11 13 33 35
1738 11 14 17 20
1739 11 14 20 23
1740 11 14 23 26
1741 11 14 26 29
1742 11 14 29 32
1743 11 14 32 35
1744 11 14 35 38
1745 11 14 38 41
1746 11 14 41 44
1747 11 14 44 47
1748 11 15 19 23
1749 11 15 23 27
1750 11 15 27 31
1751 11 15 31 35
1752 11 15 35 39
1753 11 15 39 43
1754 11 15 43 47
1755 11 15 47 51
1756 11 15 51 55
1757 11 15 55 59
1758 11 16 21 26
1759 11 16 26 31
1760 11 16 31 36
1761 11 16 36 41
1762 11 16 41 46
1763 11 16 46 51
1764 11 16 51 56
1765 11 16 56 61
1766 11 16 61 66
1767 11 16 66 71
1768 11 17 23 29
1769 11 17 29 35
1770 11 17 35 41
1771 11 17 41 47
1772 11 17 47 53
1773 11 17 53 59
1774 11 17 59 65
1775 11 17 65 71
1776 23 22 21 20
1777 23 22 20 19
1778 23 22 19 18
1779 23 22 18 17
1780 23 22 17 16
1781 23 22 16 15
1782 23 22 15 14
1783 23 22 14 13
1784 23 22 13 12
1785 23 22 12 11
1786 35 33 31 29
1787 35 33 29 27
1788 35 33 27 25
1789 35 33 25 23
1790 35 33 23 21
1791 35 33 21 19
1792 35 33 19 17
1793 35 33 17 15
1794 35 33 15 13
1795 35 33 13 11
1796 47 44 41 38
1797 47 44 38 35
1798 47 44 35 32
1799 47 44 32 29
1800 47 44 29 26
1801 47 44 26 23
1802 47 44 23 20
1803 47 44 20 17
1804 47 44 17 14
1805 47 44 14 11
1806 59 55 51 47
1807 59 55 47 43
1808 59 55 43 39
1809 59 55 39 35
1810 59 55 35 31
1811 59 55 31 27
1812 59 55 27 23
1813 59 55 23 19
1814 59 55 19 15
1815 59 55 15 11
1816 71 66 61 56
1817 71 66 56 51
1818 71 66 51 46
1819 71 66 46 41
1820 71 66 41 36
1821 71 66 36 31
1822 71 66 31 26
1823 71 66 26 21
1824 71 66 21 16
1825 71 66 16 11
1826 12 13 14 15
1827 12 13 15 16
1828 12 13 16 17
1829 12 13 17 18
1830 12 13 18 19
1831 12 13 19 20
1832 12 13 20 21
1833 12 13 21 22
1834 12 13 22 23
1835 12 13 23 24
1836 12 14 16 18
1837 12 14 18 20
1838 12 14 20 22
1839 12 14 22 24
1840 12 14 24 26
1841 12 14 26 28
1842 12 14 28 30
1843 12 14 30 32
1844 12 14 32 34
1845 12 14 34 36
1846 12 15 18 21
1847 12 15 21 24
1848 12 15 24 27
1849 12 15 27 30
1850 12 15 30 33
1851 12 15 33 36
1852 12 15 36 39
1853 12 15 39 42
1854 12 15 42 45
1855 12 15 45 48
1856 12 16 20 24
1857 12 16 24 28
1858 12 16 28 32
1859 12 16 32 36
1860 12 16 36 40
1861 12 16 40 44
1862 12 16 44 48
1863 12 16 48 52
1864 12 16 52 56
1865 12 16 56 60
1866 12 17 22 27
1867 12 17 27 32
1868 12 17 32 37
1869 12 17 37 42
1870 12 17 42 47
1871 12 17 47 52
1872 12 17 52 57
1873 12 17 57 62
1874 12 17 62 67
1875 12 18 24 30
1876 12 18 30 36
1877 12 18 36 42
1878 12 18 42 48
1879 12 18 48 54
1880 12 18 54 60
1881 12 18 60 66
1882 24 23 22 21
1883 24 23 21 20
1884 24 23 20 19
1885 24 23 19 18
1886 24 23 18 17
1887 24 23 17 16
1888 24 23 16 15
1889 24 23 15 14
1890 24 23 14 13
1891 24 23 13 12
1892 36 34 32 30
1893 36 34 30 28
1894 36 34 28 26
1895 36 34 26 24
1896 36 34 24 22
1897 36 34 22 20
1898 36 34 20 18
1899 36 34 18 16
1900 36 34 16 14
1901 36 34 14 12
1902 48 45 42 39
1903 48 45 39 36
1904 48 45 36 33
1905 48 45 33 30
1906 48 45 30 27
1907 48 45 27 24
1908 48 45 24 21
1909 48 45 21 18
1910 48 45 18 15
1911 48 45 15 12
1912 60 56 52 48
1913 60 56 48 44
1914 60 56 44 40
1915 60 56 40 36
1916 60 56 36 32
1917 60 56 32 28
1918 60 56 28 24
1919 60 56 24 20
1920 60 56 20 16
1921 60 56 16 12
1922 72 67 62 57
1923 72 67 57 52
1924 72 67 52 47
1925 72 67 47 42
1926 72 67 42 37
1927 72 67 37 32
1928 72 67 32 27
1929 72 67 27 22
1930 72 67 22 17
1931 72 67 17 12
1932 13 14 15 16
1933 13 14 16 17
1934 13 14 17 18
1935 13 14 18 19
1936 13 14 19 20
1937 13 14 20 21
1938 13 14 21 22
1939 13 14 22 23
1940 13 14 23 24
1941 13 14 24 25
1942 13 15 17 19
1943 13 15 19 21
1944 13 15 21 23
1945 13 15 23 25
1946 13 15 25 27
1947 13 15 27 29
1948 13 15 29 31
1949 13 15 31 33
1950 13 15 33 35
1951 13 15 35 37
1952 13 16 19 22
1953 13 16 22 25
1954 13 16 25 28
1955 13 16 28 31
1956 13 16 31 34
1957 13 16 34 37
1958 13 16 37 40
1959 13 16 40 43
1960 13 16 43 46
1961 13 16 46 49
1962 13 17 21 25
1963 13 17 25 29
1964 13 17 29 33
1965 13 17 33 37
1966 13 17 37 41
1967 13 17 41 45
1968 13 17 45 49
1969 13 17 49 53
1970 13 17 53 57
1971 13 17 57 61
1972 13 18 23 28
1973 13 18 28 33
1974 13 18 33 38
1975 13 18 38 43
1976 13 18 43 48
1977 13 18 48 53
1978 13 18 53 58
1979 13 18 58 63
1980 13 18 63 68
1981 13 19 25 31
1982 13 19 31 37
1983 13 19 37 43
1984 13 19 43 49
1985 13 19 49 55
1986 13 19 55 61
1987 13 19 61 67
1988 25 24 23 22
1989 25 24 22 21
1990 25 24 21 20
1991 25 24 20 19
1992 25 24 19 18
1993 25 24 18 17
1994 25 24 17 16
1995 25 24 16 15
1996 25 24 15 14
1997 25 24 14 13
1998 37 35 33 31
1999 37 35 31 29
2000 37 35 29 27
2001 37 35 27 25
2002 37 35 25 23
2003 37 35 23 21
2004 37 35 21 19
2005 37 35 19 17
2006 37 35 17 15
2007 37 35 15 13
2008 49 46 43 40
2009 49 46 40 37
2010 49 46 37 34
2011 49 46 34 31
2012 49 46 31 28
2013 49 46 28 25
2014 49 46 25 22
2015 49 46 22 19
2016 49 46 19 16
2017 49 46 16 13
2018 61 57 53 49
2019 61 57 49 45
2020 61 57 45 41
2021 61 57 41 37
2022 61 57 37 33
2023 61 57 33 29
2024 61 57 29 25
2025 61 57 25 21
2026 61 57 21 17
2027 61 57 17 13
2028 14 15 16 17
2029 14 15 17 18
2030 14 15 18 19
2031 14 15 19 20
2032 14 15 20 21
2033 14 15 21 22
2034 14 15 22 23
2035 14 15 23 24
2036 14 15 24 25
2037 14 15 25 26
2038 14 16 18 20
2039 14 16 20 22
2040 14 16 22 24
2041 14 16 24 26
2042 14 16 26 28
2043 14 16 28 30
2044 14 16 30 32
2045 14 16 32 34
2046 14 16 34 36
2047 14 16 36 38
2048 14 17 20 23
2049 14 17 23 26
2050 14 17 26 29
2051 14 17 29 32
2052 14 17 32 35
2053 14 17 35 38
2054 14 17 38 41
2055 14 17 41 44
2056 14 17 44 47
2057 14 17 47 50
2058 14 18 22 26
2059 14 18 26 30
2060 14 18 30 34
2061 14 18 34 38
2062 14 18 38 42
2063 14 18 42 46
2064 14 18 46 50
2065 14 18 50 54
2066 14 18 54 58
2067 14 18 58 62
2068 14 19 24 29
2069 14 19 29 34
2070 14 19 34 39
2071 14 19 39 44
2072 14 19 44 49
2073 14 19 49 54
2074 14 19 54 59
2075 14 19 59 64
2076 14 19 64 69
2077 14 20 26 32
2078 14 20 32 38
2079 14 20 38 44
2080 14 20 44 50
2081 14 20 50 56
2082 14 20 56 62
2083 14 20 62 68
2084 26 25 24 23
2085 26 25 23 22
2086 26 25 22 21
2087 26 25 21 20
2088 26 25 20 19
2089 26 25 19 18
2090 26 25 18 17
2091 26 25 17 16
2092 26 25 16 15
2093 26 25 15 14
2094 38 36 34 32
2095 38 36 32 30
2096 38 36 30 28
2097 38 36 28 26
2098 38 36 26 24
2099 38 36 24 22
2100 38 36 22 20
2101 38 36 20 18
2102 38 36 18 16
2103 38 36 16 14
2104 50 47 44 41
2105 50 47 41 38
2106 50 47 38 35
2107 50 47 35 32
2108 50 47 32 29
2109 50 47 29 26
2110 50 47 26 23
2111 50 47 23 20
2112 50 47 20 17
2113 50 47 17 14
2114 62 58 54 50
2115 62 58 50 46
2116 62 58 46 42
2117 62 58 42 38
2118 62 58 38 34
2119 62 58 34 30
2120 62 58 30 26
2121 62 58 26 22
2122 62 58 22 18
2123 62 58 18 14
2124 15 16 17 18
2125 15 16 18 19
2126 15 16 19 20
2127 15 16 20 21
2128 15 16 21 22
2129 15 16 22 23
2130 15 16 23 24
2131 15 16 24 25
2132 15 16 25 26
2133 15 16 26 27
2134 15 17 19 21
2135 15 17 21 23
2136 15 17 23 25
2137 15 17 25 27
2138 15 17 27 29
2139 15 17 29 31
2140 15 17 31 33
2141 15 17 33 35
2142 15 17 35 37
2143 15 17 37 39
2144 15 18 21 24
2145 15 18 24 27
2146 15 18 27 30
2147 15 18 30 33
2148 15 18 33 36
2149 15 18 36 39
2150 15 18 39 42
2151 15 18 42 45
2152 15 18 45 48
2153 15 18 48 51
2154 15 19 23 27
2155 15 19 27 31
2156 15 19 31 35
2157 15 19 35 39
2158 15 19 39 43
2159 15 19 43 47
2160 15 19 47 51
2161 15 19 51 55
2162 15 19 55 59
2163 15 19 59 63
2164 15 20 25 30
2165 15 20 30 35
2166 15 20 35 40
2167 15 20 40 45
2168 15 20 45 50
2169 15 20 50 55
2170 15 20 55 60
2171 15 20 60 65
2172 15 20 65 70
2173 15 21 27 33
2174 15 21 33 39
2175 15 21 39 45
2176 15 21 45 51
2177 15 21 51 57
2178 15 21 57 63
2179 15 21 63 69
2180 27 26 25 24
2181 27 26 24 23
2182 27 26 23 22
2183 27 26 22 21
2184 27 26 21 20
2185 27 26 20 19
2186 27 26 19 18
2187 27 26 18 17
2188 27 26 17 16
2189 27 26 16 15
2190 39 37 35 33
2191 39 37 33 31
2192 39 37 31 29
2193 39 37 29 27
2194 39 37 27 25
2195 39 37 25 23
2196 39 37 23 21
2197 39 37 21 19
2198 39 37 19 17
2199 39 37 17 15
2200 51 48 45 42
2201 51 48 42 39
2202 51 48 39 36
2203 51 48 36 33
2204 51 48 33 30
2205 51 48 30 27
2206 51 48 27 24
2207 51 48 24 21
2208 51 48 21 18
2209 51 48 18 15
2210 63 59 55 51
2211 63 59 51 47
2212 63 59 47 43
2213 63 59 43 39
2214 63 59 39 35
2215 63 59 35 31
2216 63 59 31 27
2217 63 59 27 23
2218 63 59 23 19
2219 63 59 19 15
2220 16 17 18 19
2221 16 17 19 20
2222 16 17 20 21
2223 16 17 21 22
2224 16 17 22 23
2225 16 17 23 24
2226 16 17 24 25
2227 16 17 25 26
2228 16 17 26 27
2229 16 17 27 28
2230 16 18 20 22
2231 16 18 22 24
2232 16 18 24 26
2233 16 18 26 28
2234 16 18 28 30
2235 16 18 30 32
2236 16 18 32 34
2237 16 18 34 36
2238 16 18 36 38
2239 16 18 38 40
2240 16 19 22 25
2241 16 19 25 28
2242 16 19 28 31
2243 16 19 31 34
2244 16 19 34 37
2245 16 19 37 40
2246 16 19 40 43
2247 16 19 43 46
2248 16 19 46 49
2249 16 19 49 52
2250 16 20 24 28
2251 16 20 28 32
2252 16 20 32 36
2253 16 20 36 40
2254 16 20 40 44
2255 16 20 44 48
2256 16 20 48 52
2257 16 20 52 56
2258 16 20 56 60
2259 16 20 60 64
2260 16 21 26 31
2261 16 21 31 36
2262 16 21 36 41
2263 16 21 41 46
2264 16 21 46 51
2265 16 21 51 56
2266 16 21 56 61
2267 16 21 61 66
2268 16 21 66 71
2269 16 22 28 34
2270 16 22 34 40
2271 16 22 40 46
2272 16 22 46 52
2273 16 22 52 58
2274 16 22 58 64
2275 16 22 64 70
2276 28 27 26 25
2277 28 27 25 24
2278 28 27 24 23
2279 28 27 23 22
2280 28 27 22 21
2281 28 27 21 20
2282 28 27 20 19
2283 28 27 19 18
2284 28 27 18 17
2285 28 27 17 16
2286 40 38 36 34
2287 40 38 34 32
2288 40 38 32 30
2289 40 38 30 28
2290 40 38 28 26
2291 40 38 26 24
2292 40 38 24 22
2293 40 38 22 20
2294 40 38 20 18
2295 40 38 18 16
2296 52 49 46 43
2297 52 49 43 40
2298 52 49 40 37
2299 52 49 37 34
2300 52 49 34 31
2301 52 49 31 28
2302 52 49 28 25
2303 52 49 25 22
2304 52 49 22 19
2305 52 49 19 16
2306 64 60 56 52
2307 64 60 52 48
2308 64 60 48 44
2309 64 60 44 40
2310 64 60 40 36
2311 64 60 36 32
2312 64 60 32 28
2313 64 60 28 24
2314 64 60 24 20
2315 64 60 20 16
2316 17 18 19 20
2317 17 18 20 21
2318 17 18 21 22
2319 17 18 22 23
2320 17 18 23 24
2321 17 18 24 25
2322 17 18 25 26
2323 17 18 26 27
2324 17 18 27 28
2325 17 18 28 29
2326 17 19 21 23
2327 17 19 23 25
2328 17 19 25 27
2329 17 19 27 29
2330 17 19 29 31
2331 17 19 31 33
2332 17 19 33 35
2333 17 19 35 37
2334 17 19 37 39
2335 17 19 39 41
2336 17 20 23 26
2337 17 20 26 29
2338 17 20 29 32
2339 17 20 32 35
2340 17 20 35 38
2341 17 20 38 41
2342 17 20 41 44
2343 17 20 44 47
2344 17 20 47 50
2345 17 20 50 53
2346 17 21 25 29
2347 17 21 29 33
2348 17 21 33 37
2349 17 21 37 41
2350 17 21 41 45
2351 17 21 45 49
2352 17 21 49 53
2353 17 21 53 57
2354 17 21 57 61
2355 17 21 61 65
2356 17 22 27 32
2357 17 22 32 37
2358 17 22 37 42
2359 17 22 42 47
2360 17 22 47 52
2361 17 22 52 57
2362 17 22 57 62
2363 17 22 62 67
2364 17 23 29 35
2365 17 23 35 41
2366 17 23 41 47
2367 17 23 47 53
2368 17 23 53 59
2369 17 23 59 65
2370 17 23 65 71
2371 29 28 27 26
2372 29 28 26 25
2373 29 28 25 24
2374 29 28 24 23
2375 29 28 23 22
2376 29 28 22 21
2377 29 28 21 20
2378 29 28 20 19
2379 29 28 19 18
2380 29 28 18 17
2381 41 39 37 35
2382 41 39 35 33
2383 41 39 33 31
2384 41 39 31 29
2385 41 39 29 27
2386 41 39 27 25
2387 41 39 25 23
2388 41 39 23 21
2389 41 39 21 19
2390 41 39 19 17
2391 53 50 47 44
2392 53 50 44 41
2393 53 50 41 38
2394 53 50 38 35
2395 53 50 35 32
2396 53 50 32 29
2397 53 50 29 26
2398 53 50 26 23
2399 53 50 23 20
2400 53 50 20 17
2401 65 61 57 53
2402 65 61 53 49
2403 65 61 49 45
2404 65 61 45 41
2405 65 61 41 37
2406 65 61 37 33
2407 65 61 33 29
2408 65 61 29 25
2409 65 61 25 21
2410 65 61 21 17
2411 18 19 20 21
2412 18 19 21 22
2413 18 19 22 23
2414 18 19 23 24
2415 18 19 24 25
2416 18 19 25 26
2417 18 19 26 27
2418 18 19 27 28
2419 18 19 28 29
2420 18 19 29 30
2421 18 20 22 24
2422 18 20 24 26
2423 18 20 26 28
2424 18 20 28 30
2425 18 20 30 32
2426 18 20 32 34
2427 18 20 34 36
2428 18 20 36 38
2429 18 20 38 40
2430 18 20 40 42
2431 18 21 24 27
2432 18 21 27 30
2433 18 21 30 33
2434 18 21 33 36
2435 18 21 36 39
2436 18 21 39 42
2437 18 21 42 45
2438 18 21 45 48
2439 18 21 48 51
2440 18 21 51 54
2441 18 22 26 30
2442 18 22 30 34
2443 18 22 34 38
2444 18 22 38 42
2445 18 22 42 46
2446 18 22 46 50
2447 18 22 50 54
2448 18 22 54 58
2449 18 22 58 62
2450 18 22 62 66
2451 18 23 28 33
2452 18 23 33 38
2453 18 23 38 43
2454 18 23 43 48
2455 18 23 48 53
2456 18 23 53 58
2457 18 23 58 63
2458 18 23 63 68
2459 18 24 30 36
2460 18 24 36 42
2461 18 24 42 48
2462 18 24 48 54
2463 18 24 54 60
2464 18 24 60 66
2465 30 29 28 27
2466 30 29 27 26
2467 30 29 26 25
2468 30 29 25 24
2469 30 29 24 23
2470 30 29 23 22
2471 30 29 22 21
2472 30 29 21 20
2473 30 29 20 19
2474 30 29 19 18
2475 42 40 38 36
2476 42 40 36 34
2477 42 40 34 32
2478 42 40 32 30
2479 42 40 30 28
2480 42 40 28 26
2481 42 40 26 24
2482 42 40 24 22
2483 42 40 22 20
2484 42 40 20 18
2485 54 51 48 45
2486 54 51 45 42
2487 54 51 42 39
2488 54 51 39 36
2489 54 51 36 33
2490 54 51 33 30
2491 54 51 30 27
2492 54 51 27 24
2493 54 51 24 21
2494 54 51 21 18
2495 66 62 58 54
2496 66 62 54 50
2497 66 62 50 46
2498 66 62 46 42
2499 66 62 42 38
2500 66 62 38 34
2501 66 62 34 30
2502 66 62 30 26
2503 66 62 26 22
2504 66 62 22 18
2505 19 20 21 22
2506 19 20 22 23
2507 19 20 23 24
2508 19 20 24 25
2509 19 20 25 26
2510 19 20 26 27
2511 19 20 27 28
2512 19 20 28 29
2513 19 20 29 30
2514 19 20 30 31
2515 19 21 23 25
2516 19 21 25 27
2517 19 21 27 29
2518 19 21 29 31
2519 19 21 31 33
2520 19 21 33 35
2521 19 21 35 37
2522 19 21 37 39
2523 19 21 39 41
2524 19 21 41 43
2525 19 22 25 28
2526 19 22 28 31
2527 19 22 31 34
2528 19 22 34 37
2529 19 22 37 40
2530 19 22 40 43
2531 19 22 43 46
2532 19 22 46 49
2533 19 22 49 52
2534 19 22 52 55
2535 19 23 27 31
2536 19 23 31 35
2537 19 23 35 39
2538 19 23 39 43
2539 19 23 43 47
2540 19 23 47 51
2541 19 23 51 55
2542 19 23 55 59
2543 19 23 59 63
2544 19 23 63 67
2545 19 24 29 34
2546 19 24 34 39
2547 19 24 39 44
2548 19 24 44 49
2549 19 24 49 54
2550 19 24 54 59
2551 19 24 59 64
2552 19 24 64 69
2553 31 30 29 28
2554 31 30 28 27
2555 31 30 27 26
2556 31 30 26 25
2557 31 30 25 24
2558 31 30 24 23
2559 31 30 23 22
2560 31 30 22 21
2561 31 30 21 20
2562 31 30 20 19
2563 43 41 39 37
2564 43 41 37 35
2565 43 41 35 33
2566 43 41 33 31
2567 43 41 31 29
2568 43 41 29 27
2569 43 41 27 25
2570 43 41 25 23
2571 43 41 23 21
2572 43 41 21 19
2573 55 52 49 46
2574 55 52 46 43
2575 55 52 43 40
2576 55 52 40 37
2577 55 52 37 34
2578 55 52 34 31
2579 55 52 31 28
2580 55 52 28 25
2581 55 52 25 22
2582 55 52 22 19
2583 67 63 59 55
2584 67 63 55 51
2585 67 63 51 47
2586 67 63 47 43
2587 67 63 43 39
2588 67 63 39 35
2589 67 63 35 31
2590 67 63 31 27
2591 67 63 27 23
2592 67 63 23 19
2593 20 21 22 23
2594 20 21 23 24
2595 20 21 24 25
2596 20 21 25 26
2597 20 21 26 27
2598 20 21 27 28
2599 20 21 28 29
2600 20 21 29 30
2601 20 21 30 31
2602 20 21 31 32
2603 20 22 24 26
2604 20 22 26 28
2605 20 22 28 30
2606 20 22 30 32
2607 20 22 32 34
2608 20 22 34 36
2609 20 22 36 38
2610 20 22 38 40
2611 20 22 40 42
2612 20 22 42 44
2613 20 23 26 29
2614 20 23 29 32
2615 20 23 32 35
2616 20 23 35 38
2617 20 23 38 41
2618 20 23 41 44
2619 20 23 44 47
2620 20 23 47 50
2621 20 23 50 53
2622 20 23 53 56
2623 20 24 28 32
2624 20 24 32 36
2625 20 24 36 40
2626 20 24 40 44
2627 20 24 44 48
2628 20 24 48 52
2629 20 24 52 56
2630 20 24 56 60
2631 20 24 60 64
2632 20 24 64 68
2633 20 25 30 35
2634 20 25 35 40
2635 20 25 40 45
2636 20 25 45 50
2637 20 25 50 55
2638 20 25 55 60
2639 20 25 60 65
2640 20 25 65 70
2641 32 31 30 29
2642 32 31 29 28
2643 32 31 28 27
2644 32 31 27 26
2645 32 31 26 25
2646 32 31 25 24
2647 32 31 24 23
2648 32 31 23 22
2649 32 31 22 21
2650 32 31 21 20
2651 44 42 40 38
2652 44 42 38 36
2653 44 42 36 34
2654 44 42 34 32
2655 44 42 32 30
2656 44 42 30 28
2657 44 42 28 26
2658 44 42 26 24
2659 44 42 24 22
2660 44 42 22 20
2661 56 53 50 47
2662 56 53 47 44
2663 56 53 44 41
2664 56 53 41 38
2665 56 53 38 35
2666 56 53 35 32
2667 56 53 32 29
2668 56 53 29 26
2669 56 53 26 23
2670 56 53 23 20
2671 68 64 60 56
2672 68 64 56 52
2673 68 64 52 48
2674 68 64 48 44
2675 68 64 44 40
2676 68 64 40 36
2677 68 64 36 32
2678 68 64 32 28
2679 68 64 28 24
2680 68 64 24 20
2681 21 22 23 24
2682 21 22 24 25
2683 21 22 25 26
2684 21 22 26 27
2685 21 22 27 28
2686 21 22 28 29
2687 21 22 29 30
2688 21 22 30 31
2689 21 22 31 32
2690 21 22 32 33
2691 21 23 25 27
2692 21 23 27 29
2693 21 23 29 31
2694 21 23 31 33
2695 21 23 33 35
2696 21 23 35 37
2697 21 23 37 39
2698 21 23 39 41
2699 21 23 41 43
2700 21 23 43 45
2701 21 24 27 30
2702 21 24 30 33
2703 21 24 33 36
2704 21 24 36 39
2705 21 24 39 42
2706 21 24 42 45
2707 21 24 45 48
2708 21 24 48 51
2709 21 24 51 54
2710 21 24 54 57
2711 21 25 29 33
2712 21 25 33 37
2713 21 25 37 41
2714 21 25 41 45
2715 21 25 45 49
2716 21 25 49 53
2717 21 25 53 57
2718 21 25 57 61
2719 21 25 61 65
2720 21 25 65 69
2721 21 26 31 36
2722 21 26 36 41
2723 21 26 41 46
2724 21 26 46 51
2725 21 26 51 56
2726 21 26 56 61
2727 21 26 61 66
2728 21 26 66 71
2729 33 32 31 30
2730 33 32 30 29
2731 33 32 29 28
2732 33 32 28 27
2733 33 32 27 26
2734 33 32 26 25
2735 33 32 25 24
2736 33 32 24 23
2737 33 32 23 22
2738 33 32 22 21
2739 45 43 41 39
2740 45 43 39 37
2741 45 43 37 35
2742 45 43 35 33
2743 45 43 33 31
2744 45 43 31 29
2745 45 43 29 27
2746 45 43 27 25
2747 45 43 25 23
2748 45 43 23 21
2749 57 54 51 48
2750 57 54 48 45
2751 57 54 45 42
2752 57 54 42 39
2753 57 54 39 36
2754 57 54 36 33
2755 57 54 33 30
2756 57 54 30 27
2757 57 54 27 24
2758 57 54 24 21
2759 69 65 61 57
2760 69 65 57 53
2761 69 65 53 49
2762 69 65 49 45
2763 69 65 45 41
2764 69 65 41 37
2765 69 65 37 33
2766 69 65 33 29
2767 69 65 29 25
2768 69 65 25 21
2769 22 23 24 25
2770 22 23 25 26
2771 22 23 26 27
2772 22 23 27 28
2773 22 23 28 29
2774 22 23 29 30
2775 22 23 30 31
2776 22 23 31 32
2777 22 23 32 33
2778 22 23 33 34
2779 22 24 26 28
2780 22 24 28 30
2781 22 24 30 32
2782 22 24 32 34
2783 22 24 34 36
2784 22 24 36 38
2785 22 24 38 40
2786 22 24 40 42
2787 22 24 42 44
2788 22 24 44 46
2789 22 25 28 31
2790 22 25 31 34
2791 22 25 34 37
2792 22 25 37 40
2793 22 25 40 43
2794 22 25 43 46
2795 22 25 46 49
2796 22 25 49 52
2797 22 25 52 55
2798 22 25 55 58
2799 22 26 30 34
2800 22 26 34 38
2801 22 26 38 42
2802 22 26 42 46
2803 22 26 46 50
2804 22 26 50 54
2805 22 26 54 58
2806 22 26 58 62
2807 22 26 62 66
2808 22 26 66 70
2809 22 27 32 37
2810 22 27 37 42
2811 22 27 42 47
2812 22 27 47 52
2813 22 27 52 57
2814 22 27 57 62
2815 22 27 62 67
2816 34 33 32 31
2817 34 33 31 30
2818 34 33 30 29
2819 34 33 29 28
2820 34 33 28 27
2821 34 33 27 26
2822 34 33 26 25
2823 34 33 25 24
2824 34 33 24 23
2825 34 33 23 22
2826 46 44 42 40
2827 46 44 40 38
2828 46 44 38 36
2829 46 44 36 34
2830 46 44 34 32
2831 46 44 32 30
2832 46 44 30 28
2833 46 44 28 26
2834 46 44 26 24
2835 46 44 24 22
2836 58 55 52 49
2837 58 55 49 46
2838 58 55 46 43
2839 58 55 43 40
2840 58 55 40 37
2841 58 55 37 34
2842 58 55 34 31
2843 58 55 31 28
2844 58 55 28 25
2845 58 55 25 22
2846 70 66 62 58
2847 70 66 58 54
2848 70 66 54 50
2849 70 66 50 46
2850 70 66 46 42
2851 70 66 42 38
2852 70 66 38 34
2853 70 66 34 30
2854 70 66 30 26
2855 70 66 26 22
2856 23 24 25 26
2857 23 24 26 27
2858 23 24 27 28
2859 23 24 28 29
2860 23 24 29 30
2861 23 24 30 31
2862 23 24 31 32
2863 23 24 32 33
2864 23 24 33 34
2865 23 24 34 35
2866 23 25 27 29
2867 23 25 29 31
2868 23 25 31 33
2869 23 25 33 35
2870 23 25 35 37
2871 23 25 37 39
2872 23 25 39 41
2873 23 25 41 43
2874 23 25 43 45
2875 23 25 45 47
2876 23 26 29 32
2877 23 26 32 35
2878 23 26 35 38
2879 23 26 38 41
2880 23 26 41 44
2881 23 26 44 47
2882 23 26 47 50
2883 23 26 50 53
2884 23 26 53 56
2885 23 26 56 59
2886 23 27 31 35
2887 23 27 35 39
2888 23 27 39 43
2889 23 27 43 47
2890 23 27 47 51
2891 23 27 51 55
2892 23 27 55 59
2893 23 27 59 63
2894 23 27 63 67
2895 23 27 67 71
2896 23 28 33 38
2897 23 28 38 43
2898 23 28 43 48
2899 23 28 48 53
2900 23 28 53 58
2901 23 28 58 63
2902 23 28 63 68
2903 35 34 33 32
2904 35 34 32 31
2905 35 34 31 30
2906 35 34 30 29
2907 35 34 29 28
2908 35 34 28 27
2909 35 34 27 26
2910 35 34 26 25
2911 35 34 25 24
2912 35 34 24 23
2913 47 45 43 41
2914 47 45 41 39
2915 47 45 39 37
2916 47 45 37 35
2917 47 45 35 33
2918 47 45 33 31
2919 47 45 31 29
2920 47 45 29 27
2921 47 45 27 25
2922 47 45 25 23
2923 59 56 53 50
2924 59 56 50 47
2925 59 56 47 44
2926 59 56 44 41
2927 59 56 41 38
2928 59 56 38 35
2929 59 56 35 32
2930 59 56 32 29
2931 59 56 29 26
2932 59 56 26 23
2933 71 67 63 59
2934 71 67 59 55
2935 71 67 55 51
2936 71 67 51 47
2937 71 67 47 43
2938 71 67 43 39
2939 71 67 39 35
2940 71 67 35 31
2941 71 67 31 27
2942 71 67 27 23
2943 24 25 26 27
2944 24 25 27 28
2945 24 25 28 29
2946 24 25 29 30
2947 24 25 30 31
2948 24 25 31 32
2949 24 25 32 33
2950 24 25 33 34
2951 24 25 34 35
2952 24 25 35 36
2953 24 26 28 30
2954 24 26 30 32
2955 24 26 32 34
2956 24 26 34 36
2957 24 26 36 38
2958 24 26 38 40
2959 24 26 40 42
2960 24 26 42 44
2961 24 26 44 46
2962 24 26 46 48
2963 24 27 30 33
2964 24 27 33 36
2965 24 27 36 39
2966 24 27 39 42
2967 24 27 42 45
2968 24 27 45 48
2969 24 27 48 51
2970 24 27 51 54
2971 24 27 54 57
2972 24 27 57 60
2973 24 28 32 36
2974 24 28 36 40
2975 24 28 40 44
2976 24 28 44 48
2977 24 28 48 52
2978 24 28 52 56
2979 24 28 56 60
2980 24 28 60 64
2981 24 28 64 68
2982 24 29 34 39
2983 24 29 39 44
2984 24 29 44 49
2985 24 29 49 54
2986 24 29 54 59
2987 24 29 59 64
2988 24 29 64 69
2989 36 35 34 33
2990 36 35 33 32
2991 36 35 32 31
2992 36 35 31 30
2993 36 35 30 29
2994 36 35 29 28
2995 36 35 28 27
2996 36 35 27 26
2997 36 35 26 25
2998 36 35 25 24
2999 48 46 44 42
3000 48 46 42 40
3001 48 46 40 38
3002 48 46 38 36
3003 48 46 36 34
3004 48 46 34 32
3005 48 46 32 30
3006 48 46 30 28
3007 48 46 28 26
3008 48 46 26 24
3009 60 57 54 51
3010 60 57 51 48
3011 60 57 48 45
3012 60 57 45 42
3013 60 57 42 39
3014 60 57 39 36
3015 60 57 36 33
3016 60 57 33 30
3017 60 57 30 27
3018 60 57 27 24
3019 72 68 64 60
3020 72 68 60 56
3021 72 68 56 52
3022 72 68 52 48
3023 72 68 48 44
3024 72 68 44 40
3025 72 68 40 36
3026 72 68 36 32
3027 72 68 32 28
3028 72 68 28 24
3029 25 26 27 28
3030 25 26 28 29
3031 25 26 29 30
3032 25 26 30 31
3033 25 26 31 32
3034 25 26 32 33
3035 25 26 33 34
3036 25 26 34 35
3037 25 26 35 36
3038 25 26 36 37
3039 25 27 29 31
3040 25 27 31 33
3041 25 27 33 35
3042 25 27 35 37
3043 25 27 37 39
3044 25 27 39 41
3045 25 27 41 43
3046 25 27 43 45
3047 25 27 45 47
3048 25 27 47 49
3049 25 28 31 34
3050 25 28 34 37
3051 25 28 37 40
3052 25 28 40 43
3053 25 28 43 46
3054 25 28 46 49
3055 25 28 49 52
3056 25 28 52 55
3057 25 28 55 58
3058 25 28 58 61
3059 25 29 33 37
3060 25 29 37 41
3061 25 29 41 45
3062 25 29 45 49
3063 25 29 49 53
3064 25 29 53 57
3065 25 29 57 61
3066 25 29 61 65
3067 25 29 65 69
3068 25 30 35 40
3069 25 30 40 45
3070 25 30 45 50
3071 25 30 50 55
3072 25 30 55 60
3073 25 30 60 65
3074 25 30 65 70
3075 37 36 35 34
3076 37 36 34 33
3077 37 36 33 32
3078 37 36 32 31
3079 37 36 31 30
3080 37 36 30 29
3081 37 36 29 28
3082 37 36 28 27
3083 37 36 27 26
3084 37 36 26 25
3085 49 47 45 43
3086 49 47 43 41
3087 49 47 41 39
3088 49 47 39 37
3089 49 47 37 35
3090 49 47 35 33
3091 49 47 33 31
3092 49 47 31 29
3093 49 47 29 27
3094 49 47 27 25
3095 61 58 55 52
3096 61 58 52 49
3097 61 58 49 46
3098 61 58 46 43
3099 61 58 43 40
3100 61 58 40 37
3101 61 58 37 34
3102 61 58 34 31
3103 61 58 31 28
3104 61 58 28 25
3105 26 27 28 29
3106 26 27 29 30
3107 26 27 30 31
3108 26 27 31 32
3109 26 27 32 33
3110 26 27 33 34
3111 26 27 34 35
3112 26 27 35 36
3113 26 27 36 37
3114 26 27 37 38
3115 26 28 30 32
3116 26 28 32 34
3117 26 28 34 36
3118 26 28 36 38
3119 26 28 38 40
3120 26 28 40 42
3121 26 28 42 44
3122 26 28 44 46
3123 26 28 46 48
3124 26 28 48 50
3125 26 29 32 35
3126 26 29 35 38
3127 26 29 38 41
3128 26 29 41 44
3129 26 29 44 47
3130 26 29 47 50
3131 26 29 50 53
3132 26 29 53 56
3133 26 29 56 59
3134 26 29 59 62
3135 26 30 34 38
3136 26 30 38 42
3137 26 30 42 46
3138 26 30 46 50
3139 26 30 50 54
3140 26 30 54 58
3141 26 30 58 62
3142 26 30 62 66
3143 26 30 66 70
3144 26 31 36 41
3145 26 31 41 46
3146 26 31 46 51
3147 26 31 51 56
3148 26 31 56 61
3149 26 31 61 66
3150 26 31 66 71
3151 38 37 36 35
3152 38 37 35 34
3153 38 37 34 33
3154 38 37 33 32
3155 38 37 32 31
3156 38 37 31 30
3157 38 37 30 29
3158 38 37 29 28
3159 38 37 28 27
3160 38 37 27 26
3161 50 48 46 44
3162 50 48 44 42
3163 50 48 42 40
3164 50 48 40 38
3165 50 48 38 36
3166 50 48 36 34
3167 50 48 34 32
3168 50 48 32 30
3169 50 48 30 28
3170 50 48 28 26
3171 62 59 56 53
3172 62 59 53 50
3173 62 59 50 47
3174 62 59 47 44
3175 62 59 44 41
3176 62 59 41 38
3177 62 59 38 35
3178 62 59 35 32
3179 62 59 32 29
3180 62 59 29 26
3181 27 28 29 30
3182 27 28 30 31
3183 27 28 31 32
3184 27 28 32 33
3185 27 28 33 34
3186 27 28 34 35
3187 27 28 35 36
3188 27 28 36 37
3189 27 28 37 38
3190 27 28 38 39
3191 27 29 31 33
3192 27 29 33 35
3193 27 29 35 37
3194 27 29 37 39
3195 27 29 39 41
3196 27 29 41 43
3197 27 29 43 45
3198 27 29 45 47
3199 27 29 47 49
3200 27 29 49 51
3201 27 30 33 36
3202 27 30 36 39
3203 27 30 39 42
3204 27 30 42 45
3205 27 30 45 48
3206 27 30 48 51
3207 27 30 51 54
3208 27 30 54 57
3209 27 30 57 60
3210 27 30 60 63
3211 27 31 35 39
3212 27 31 39 43
3213 27 31 43 47
3214 27 31 47 51
3215 27 31 51 55
3216 27 31 55 59
3217 27 31 59 63
3218 27 31 63 67
3219 27 31 67 71
3220 27 32 37 42
3221 27 32 42 47
3222 27 32 47 52
3223 27 32 52 57
3224 27 32 57 62
3225 27 32 62 67
3226 39 38 37 36
3227 39 38 36 35
3228 39 38 35 34
3229 39 38 34 33
3230 39 38 33 32
3231 39 38 32 31
3232 39 38 31 30
3233 39 38 30 29
3234 39 38 29 28
3235 39 38 28 27
3236 51 49 47 45
3237 51 49 45 43
3238 51 49 43 41
3239 51 49 41 39
3240 51 49 39 37
3241 51 49 37 35
3242 51 49 35 33
3243 51 49 33 31
3244 51 49 31 29
3245 51 49 29 27
3246 63 60 57 54
3247 63 60 54 51
3248 63 60 51 48
3249 63 60 48 45
3250 63 60 45 42
3251 63 60 42 39
3252 63 60 39 36
3253 63 60 36 33
3254 63 60 33 30
3255 63 60 30 27
3256 28 29 30 31
3257 28 29 31 32
3258 28 29 32 33
3259 28 29 33 34
3260 28 29 34 35
3261 28 29 35 36
3262 28 29 36 37
3263 28 29 37 38
3264 28 29 38 39
3265 28 29 39 40
3266 28 30 32 34
3267 28 30 34 36
3268 28 30 36 38
3269 28 30 38 40
3270 28 30 40 42
3271 28 30 42 44
3272 28 30 44 46
3273 28 30 46 48
3274 28 30 48 50
3275 28 30 50 52
3276 28 31 34 37
3277 28 31 37 40
3278 28 31 40 43
3279 28 31 43 46
3280 28 31 46 49
3281 28 31 49 52
3282 28 31 52 55
3283 28 31 55 58
3284 28 31 58 61
3285 28 31 61 64
3286 28 32 36 40
3287 28 32 40 44
3288 28 32 44 48
3289 28 32 48 52
3290 28 32 52 56
3291 28 32 56 60
3292 28 32 60 64
3293 28 32 64 68
3294 40 39 38 37
3295 40 39 37 36
3296 40 39 36 35
3297 40 39 35 34
3298 40 39 34 33
3299 40 39 33 32
3300 40 39 32 31
3301 40 39 31 30
3302 40 39 30 29
3303 40 39 29 28
3304 52 50 48 46
3305 52 50 46 44
3306 52 50 44 42
3307 52 50 42 40
3308 52 50 40 38
3309 52 50 38 36
3310 52 50 36 34
3311 52 50 34 32
3312 52 50 32 30
3313 52 50 30 28
3314 64 61 58 55
3315 64 61 55 52
3316 64 61 52 49
3317 64 61 49 46
3318 64 61 46 43
3319 64 61 43 40
3320 64 61 40 37
3321 64 61 37 34
3322 64 61 34 31
3323 64 61 31 28
3324 29 30 31 32
3325 29 30 32 33
3326 29 30 33 34
3327 29 30 34 35
3328 29 30 35 36
3329 29 30 36 37
3330 29 30 37 38
3331 29 30 38 39
3332 29 30 39 40
3333 29 30 40 41
3334 29 31 33 35
3335 29 31 35 37
3336 29 31 37 39
3337 29 31 39 41
3338 29 31 41 43
3339 29 31 43 45
3340 29 31 45 47
3341 29 31 47 49
3342 29 31 49 51
3343 29 31 51 53
3344 29 32 35 38
3345 29 32 38 41
3346 29 32 41 44
3347 29 32 44 47
3348 29 32 47 50
3349 29 32 50 53
3350 29 32 53 56
3351 29 32 56 59
3352 29 32 59 62
3353 29 32 62 65
3354 29 33 37 41
3355 29 33 41 45
3356 29 33 45 49
3357 29 33 49 53
3358 29 33 53 57
3359 29 33 57 61
3360 29 33 61 65
3361 29 33 65 69
3362 41 40 39 38
3363 41 40 38 37
3364 41 40 37 36
3365 41 40 36 35
3366 41 40 35 34
3367 41 40 34 33
3368 41 40 33 32
3369 41 40 32 31
3370 41 40 31 30
3371 41 40 30 29
3372 53 51 49 47
3373 53 51 47 45
3374 53 51 45 43
3375 53 51 43 41
3376 53 51 41 39
3377 53 51 39 37
3378 53 51 37 35
3379 53 51 35 33
3380 53 51 33 31
3381 53 51 31 29
3382 65 62 59 56
3383 65 62 56 53
3384 65 62 53 50
3385 65 62 50 47
3386 65 62 47 44
3387 65 62 44 41
3388 65 62 41 38
3389 65 62 38 35
3390 65 62 35 32
3391 65 62 32 29
3392 30 31 32 33
3393 30 31 33 34
3394 30 31 34 35
3395 30 31 35 36
3396 30 31 36 37
3397 30 31 37 38
3398 30 31 38 39
3399 30 31 39 40
3400 30 31 40 41
3401 30 31 41 42
3402 30 32 34 36
3403 30 32 36 38
3404 30 32 38 40
3405 30 32 40 42
3406 30 32 42 44
3407 30 32 44 46
3408 30 32 46 48
3409 30 32 48 50
3410 30 32 50 52
3411 30 32 52 54
3412 30 33 36 39
3413 30 33 39 42
3414 30 33 42 45
3415 30 33 45 48
3416 30 33 48 51
3417 30 33 51 54
3418 30 33 54 57
3419 30 33 57 60
3420 30 33 60 63
3421 30 33 63 66
3422 30 34 38 42
3423 30 34 42 46
3424 30 34 46 50
3425 30 34 50 54
3426 30 34 54 58
3427 30 34 58 62
3428 30 34 62 66
3429 30 34 66 70
3430 42 41 40 39
3431 42 41 39 38
3432 42 41 38 37
3433 42 41 37 36
3434 42 41 36 35
3435 42 41 35 34
3436 42 41 34 33
3437 42 41 33 32
3438 42 41 32 31
3439 42 41 31 30
3440 54 52 50 48
3441 54 52 48 46
3442 54 52 46 44
3443 54 52 44 42
3444 54 52 42 40
3445 54 52 40 38
3446 54 52 38 36
3447 54 52 36 34
3448 54 52 34 32
3449 54 52 32 30
3450 66 63 60 57
3451 66 63 57 54
3452 66 63 54 51
3453 66 63 51 48
3454 66 63 48 45
3455 66 63 45 42
3456 66 63 42 39
3457 66 63 39 36
3458 66 63 36 33
3459 66 63 33 30
3460 31 32 33 34
3461 31 32 34 35
3462 31 32 35 36
3463 31 32 36 37
3464 31 32 37 38
3465 31 32 38 39
3466 31 32 39 40
3467 31 32 40 41
3468 31 32 41 42
3469 31 32 42 43
3470 31 33 35 37
3471 31 33 37 39
3472 31 33 39 41
3473 31 33 41 43
3474 31 33 43 45
3475 31 33 45 47
3476 31 33 47 49
3477 31 33 49 51
3478 31 33 51 53
3479 31 33 53 55
3480 31 34 37 40
3481 31 34 40 43
3482 31 34 43 46
3483 31 34 46 49
3484 31 34 49 52
3485 31 34 52 55
3486 31 34 55 58
3487 31 34 58 61
3488 31 34 61 64
3489 31 34 64 67
3490 31 35 39 43
3491 31 35 43 47
3492 31 35 47 51
3493 31 35 51 55
3494 31 35 55 59
3495 31 35 59 63
3496 31 35 63 67
3497 31 35 67 71
3498 43 42 41 40
3499 43 42 40 39
3500 43 42 39 38
3501 43 42 38 37
3502 43 42 37 36
3503 43 42 36 35
3504 43 42 35 34
3505 43 42 34 33
3506 43 42 33 32
3507 43 42 32 31
3508 55 53 51 49
3509 55 53 49 47
3510 55 53 47 45
3511 55 53 45 43
3512 55 53 43 41
3513 55 53 41 39
3514 55 53 39 37
3515 55 53 37 35
3516 55 53 35 33
3517 55 53 33 31
3518 67 64 61 58
3519 67 64 58 55
3520 67 64 55 52
3521 67 64 52 49
3522 67 64 49 46
3523 67 64 46 43
3524 67 64 43 40
3525 67 64 40 37
3526 67 64 37 34
3527 67 64 34 31
3528 32 33 34 35
3529 32 33 35 36
3530 32 33 36 37
3531 32 33 37 38
3532 32 33 38 39
3533 32 33 39 40
3534 32 33 40 41
3535 32 33 41 42
3536 32 33 42 43
3537 32 33 43 44
3538 32 34 36 38
3539 32 34 38 40
3540 32 34 40 42
3541 32 34 42 44
3542 32 34 44 46
3543 32 34 46 48
3544 32 34 48 50
3545 32 34 50 52
3546 32 34 52 54
3547 32 34 54 56
3548 32 35 38 41
3549 32 35 41 44
3550 32 35 44 47
3551 32 35 47 50
3552 32 35 50 53
3553 32 35 53 56
3554 32 35 56 59
3555 32 35 59 62
3556 32 35 62 65
3557 32 35 65 68
3558 32 36 40 44
3559 32 36 44 48
3560 32 36 48 52
3561 32 36 52 56
3562 32 36 56 60
3563 32 36 60 64
3564 32 36 64 68
3565 44 43 42 41
3566 44 43 41 40
3567 44 43 40 39
3568 44 43 39 38
3569 44 43 38 37
3570 44 43 37 36
3571 44 43 36 35
3572 44 43 35 34
3573 44 43 34 33
3574 44 43 33 32
3575 56 54 52 50
3576 56 54 50 48
3577 56 54 48 46
3578 56 54 46 44
3579 56 54 44 42
3580 56 54 42 40
3581 56 54 40 38
3582 56 54 38 36
3583 56 54 36 34
3584 56 54 34 32
3585 68 65 62 59
3586 68 65 59 56
3587 68 65 56 53
3588 68 65 53 50
3589 68 65 50 47
3590 68 65 47 44
3591 68 65 44 41
3592 68 65 41 38
3593 68 65 38 35
3594 68 65 35 32
3595 33 34 35 36
3596 33 34 36 37
3597 33 34 37 38
3598 33 34 38 39
3599 33 34 39 40
3600 33 34 40 41
3601 33 34 41 42
3602 33 34 42 43
3603 33 34 43 44
3604 33 34 44 45
3605 33 35 37 39
3606 33 35 39 41
3607 33 35 41 43
3608 33 35 43 45
3609 33 35 45 47
3610 33 35 47 49
3611 33 35 49 51
3612 33 35 51 53
3613 33 35 53 55
3614 33 35 55 57
3615 33 36 39 42
3616 33 36 42 45
3617 33 36 45 48
3618 33 36 48 51
3619 33 36 51 54
3620 33 36 54 57
3621 33 36 57 60
3622 33 36 60 63
3623 33 36 63 66
3624 33 36 66 69
3625 33 37 41 45
3626 33 37 45 49
3627 33 37 49 53
3628 33 37 53 57
3629 33 37 57 61
3630 33 37 61 65
3631 33 37 65 69
3632 45 44 43 42
3633 45 44 42 41
3634 45 44 41 40
3635 45 44 40 39
3636 45 44 39 38
3637 45 44 38 37
3638 45 44 37 36
3639 45 44 36 35
3640 45 44 35 34
3641 45 44 34 33
3642 57 55 53 51
3643 57 55 51 49
3644 57 55 49 47
3645 57 55 47 45
3646 57 55 45 43
3647 57 55 43 41
3648 57 55 41 39
3649 57 55 39 37
3650 57 55 37 35
3651 57 55 35 33
3652 69 66 63 60
3653 69 66 60 57
3654 69 66 57 54
3655 69 66 54 51
3656 69 66 51 48
3657 69 66 48 45
3658 69 66 45 42
3659 69 66 42 39
3660 69 66 39 36
3661 69 66 36 33
3662 34 35 36 37
3663 34 35 37 38
3664 34 35 38 39
3665 34 35 39 40
3666 34 35 40 41
3667 34 35 41 42
3668 34 35 42 43
3669 34 35 43 44
3670 34 35 44 45
3671 34 35 45 46
3672 34 36 38 40
3673 34 36 40 42
3674 34 36 42 44
3675 34 36 44 46
3676 34 36 46 48
3677 34 36 48 50
3678 34 36 50 52
3679 34 36 52 54
3680 34 36 54 56
3681 34 36 56 58
3682 34 37 40 43
3683 34 37 43 46
3684 34 37 46 49
3685 34 37 49 52
3686 34 37 52 55
3687 34 37 55 58
3688 34 37 58 61
3689 34 37 61 64
3690 34 37 64 67
3691 34 37 67 70
3692 34 38 42 46
3693 34 38 46 50
3694 34 38 50 54
3695 34 38 54 58
3696 34 38 58 62
3697 34 38 62 66
3698 34 38 66 70
3699 46 45 44 43
3700 46 45 43 42
3701 46 45 42 41
3702 46 45 41 40
3703 46 45 40 39
3704 46 45 39 38
3705 46 45 38 37
3706 46 45 37 36
3707 46 45 36 35
3708 46 45 35 34
3709 58 56 54 52
3710 58 56 52 50
3711 58 56 50 48
3712 58 56 48 46
3713 58 56 46 44
3714 58 56 44 42
3715 58 56 42 40
3716 58 56 40 38
3717 58 56 38 36
3718 58 56 36 34
3719 70 67 64 61
3720 70 67 61 58
3721 70 67 58 55
3722 70 67 55 52
3723 70 67 52 49
3724 70 67 49 46
3725 70 67 46 43
3726 70 67 43 40
3727 70 67 40 37
3728 70 67 37 34
3729 35 36 37 38
3730 35 36 38 39
3731 35 36 39 40
3732 35 36 40 41
3733 35 36 41 42
3734 35 36 42 43
3735 35 36 43 44
3736 35 36 44 45
3737 35 36 45 46
3738 35 36 46 47
3739 35 37 39 41
3740 35 37 41 43
3741 35 37 43 45
3742 35 37 45 47
3743 35 37 47 49
3744 35 37 49 51
3745 35 37 51 53
3746 35 37 53 55
3747 35 37 55 57
3748 35 37 57 59
3749 35 38 41 44
3750 35 38 44 47
3751 35 38 47 50
3752 35 38 50 53
3753 35 38 53 56
3754 35 38 56 59
3755 35 38 59 62
3756 35 38 62 65
3757 35 38 65 68
3758 35 38 68 71
3759 35 39 43 47
3760 35 39 47 51
3761 35 39 51 55
3762 35 39 55 59
3763 35 39 59 63
3764 35 39 63 67
3765 35 39 67 71
3766 47 46 45 44
3767 47 46 44 43
3768 47 46 43 42
3769 47 46 42 41
3770 47 46 41 40
3771 47 46 40 39
3772 47 46 39 38
3773 47 46 38 37
3774 47 46 37 36
3775 47 46 36 35
3776 59 57 55 53
3777 59 57 53 51
3778 59 57 51 49
3779 59 57 49 47
3780 59 57 47 45
3781 59 57 45 43
3782 59 57 43 41
3783 59 57 41 39
3784 59 57 39 37
3785 59 57 37 35
3786 71 68 65 62
3787 71 68 62 59
3788 71 68 59 56
3789 71 68 56 53
3790 71 68 53 50
3791 71 68 50 47
3792 71 68 47 44
3793 71 68 44 41
3794 71 68 41 38
3795 71 68 38 35
3796 36 37 38 39
3797 36 37 39 40
3798 36 37 40 41
3799 36 37 41 42
3800 36 37 42 43
3801 36 37 43 44
3802 36 37 44 45
3803 36 37 45 46
3804 36 37 46 47
3805 36 37 47 48
3806 36 38 40 42
3807 36 38 42 44
3808 36 38 44 46
3809 36 38 46 48
3810 36 38 48 50
3811 36 38 50 52
3812 36 38 52 54
3813 36 38 54 56
3814 36 38 56 58
3815 36 38 58 60
3816 36 39 42 45
3817 36 39 45 48
3818 36 39 48 51
3819 36 39 51 54
3820 36 39 54 57
3821 36 39 57 60
3822 36 39 60 63
3823 36 39 63 66
3824 36 39 66 69
3825 36 40 44 48
3826 36 40 48 52
3827 36 40 52 56
3828 36 40 56 60
3829 36 40 60 64
3830 36 40 64 68
3831 48 47 46 45
3832 48 47 45 44
3833 48 47 44 43
3834 48 47 43 42
3835 48 47 42 41
3836 48 47 41 40
3837 48 47 40 39
3838 48 47 39 38
3839 48 47 38 37
3840 48 47 37 36
3841 60 58 56 54
3842 60 58 54 52
3843 60 58 52 50
3844 60 58 50 48
3845 60 58 48 46
3846 60 58 46 44
3847 60 58 44 42
3848 60 58 42 40
3849 60 58 40 38
3850 60 58 38 36
3851 72 69 66 63
3852 72 69 63 60
3853 72 69 60 57
3854 72 69 57 54
3855 72 69 54 51
3856 72 69 51 48
3857 72 69 48 45
3858 72 69 45 42
3859 72 69 42 39
3860 72 69 39 36
3861 37 38 39 40
3862 37 38 40 41
3863 37 38 41 42
3864 37 38 42 43
3865 37 38 43 44
3866 37 38 44 45
3867 37 38 45 46
3868 37 38 46 47
3869 37 38 47 48
3870 37 38 48 49
3871 37 39 41 43
3872 37 39 43 45
3873 37 39 45 47
3874 37 39 47 49
3875 37 39 49 51
3876 37 39 51 53
3877 37 39 53 55
3878 37 39 55 57
3879 37 39 57 59
3880 37 39 59 61
3881 37 40 43 46
3882 37 40 46 49
3883 37 40 49 52
3884 37 40 52 55
3885 37 40 55 58
3886 37 40 58 61
3887 37 40 61 64
3888 37 40 64 67
3889 37 40 67 70
3890 49 48 47 46
3891 49 48 46 45
3892 49 48 45 44
3893 49 48 44 43
3894 49 48 43 42
3895 49 48 42 41
3896 49 48 41 40
3897 49 48 40 39
3898 49 48 39 38
3899 49 48 38 37
3900 61 59 57 55
3901 61 59 55 53
3902 61 59 53 51
3903 61 59 51 49
3904 61 59 49 47
3905 61 59 47 45
3906 61 59 45 43
3907 61 59 43 41
3908 61 59 41 39
3909 61 59 39 37
3910 38 39 40 41
3911 38 39 41 42
3912 38 39 42 43
3913 38 39 43 44
3914 38 39 44 45
3915 38 39 45 46
3916 38 39 46 47
3917 38 39 47 48
3918 38 39 48 49
3919 38 39 49 50
3920 38 40 42 44
3921 38 40 44 46
3922 38 40 46 48
3923 38 40 48 50
3924 38 40 50 52
3925 38 40 52 54
3926 38 40 54 56
3927 38 40 56 58
3928 38 40 58 60
3929 38 40 60 62
3930 38 41 44 47
3931 38 41 47 50
3932 38 41 50 53
3933 38 41 53 56
3934 38 41 56 59
3935 38 41 59 62
3936 38 41 62 65
3937 38 41 65 68
3938 38 41 68 71
3939 50 49 48 47
3940 50 49 47 46
3941 50 49 46 45
3942 50 49 45 44
3943 50 49 44 43
3944 50 49 43 42
3945 50 49 42 41
3946 50 49 41 40
3947 50 49 40 39
3948 50 49 39 38
3949 62 60 58 56
3950 62 60 56 54
3951 62 60 54 52
3952 62 60 52 50
3953 62 60 50 48
3954 62 60 48 46
3955 62 60 46 44
3956 62 60 44 42
3957 62 60 42 40
3958 62 60 40 38
3959 39 40 41 42
3960 39 40 42 43
3961 39 40 43 44
3962 39 40 44 45
3963 39 40 45 46
3964 39 40 46 47
3965 39 40 47 48
3966 39 40 48 49
3967 39 40 49 50
3968 39 40 50 51
3969 39 41 43 45
3970 39 41 45 47
3971 39 41 47 49
3972 39 41 49 51
3973 39 41 51 53
3974 39 41 53 55
3975 39 41 55 57
3976 39 41 57 59
3977 39 41 59 61
3978 39 41 61 63
3979 39 42 45 48
3980 39 42 48 51
3981 39 42 51 54
3982 39 42 54 57
3983 39 42 57 60
3984 39 42 60 63
3985 39 42 63 66
3986 39 42 66 69
3987 51 50 49 48
3988 51 50 48 47
3989 51 50 47 46
3990 51 50 46 45
3991 51 50 45 44
3992 51 50 44 43
3993 51 50 43 42
3994 51 50 42 41
3995 51 50 41 40
3996 51 50 40 39
3997 63 61 59 57
3998 63 61 57 55
3999 63 61 55 53
4000 63 61 53 51
4001 63 61 51 49
4002 63 61 49 47
4003 63 61 47 45
4004 63 61 45 43
4005 63 61 43 41
4006 63 61 41 39
4007 40 41 42 43
4008 40 41 43 44
4009 40 41 44 45
4010 40 41 45 46
4011 40 41 46 47
4012 40 41 47 48
4013 40 41 48 49
4014 40 41 49 50
4015 40 41 50 51
4016 40 41 51 52
4017 40 42 44 46
4018 40 42 46 48
4019 40 42 48 50
4020 40 42 50 52
4021 40 42 52 54
4022 40 42 54 56
4023 40 42 56 58
4024 40 42 58 60
4025 40 42 60 62
4026 40 42 62 64
4027 40 43 46 49
4028 40 43 49 52
4029 40 43 52 55
4030 40 43 55 58
4031 40 43 58 61
4032 40 43 61 64
4033 40 43 64 67
4034 40 43 67 70
4035 52 51 50 49
4036 52 51 49 48
4037 52 51 48 47
4038 52 51 47 46
4039 52 51 46 45
4040 52 51 45 44
4041 52 51 44 43
4042 52 51 43 42
4043 52 51 42 41
4044 52 51 41 40
4045 64 62 60 58
4046 64 62 58 56
4047 64 62 56 54
4048 64 62 54 52
4049 64 62 52 50
4050 64 62 50 48
4051 64 62 48 46
4052 64 62 46 44
4053 64 62 44 42
4054 64 62 42 40
4055 41 42 43 44
4056 41 42 44 45
4057 41 42 45 46
4058 41 42 46 47
4059 41 42 47 48
4060 41 42 48 49
4061 41 42 49 50
4062 41 42 50 51
4063 41 42 51 52
4064 41 42 52 53
4065 41 43 45 47
4066 41 43 47 49
4067 41 43 49 51
4068 41 43 51 53
4069 41 43 53 55
4070 41 43 55 57
4071 41 43 57 59
4072 41 43 59 61
4073 41 43 61 63
4074 41 43 63 65
4075 41 44 47 50
4076 41 44 50 53
4077 41 44 53 56
4078 41 44 56 59
4079 41 44 59 62
4080 41 44 62 65
4081 41 44 65 68
4082 41 44 68 71
4083 53 52 51 50
4084 53 52 50 49
4085 53 52 49 48
4086 53 52 48 47
4087 53 52 47 46
4088 53 52 46 45
4089 53 52 45 44
4090 53 52 44 43
4091 53 52 43 42
4092 53 52 42 41
4093 65 63 61 59
4094 65 63 59 57
4095 65 63 57 55
4096 65 63 55 53
4097 65 63 53 51
4098 65 63 51 49
4099 65 63 49 47
4100 65 63 47 45
4101 65 63 45 43
4102 65 63 43 41
4103 42 43 44 45
4104 42 43 45 46
4105 42 43 46 47
4106 42 43 47 48
4107 42 43 48 49
4108 42 43 49 50
4109 42 43 50 51
4110 42 43 51 52
4111 42 43 52 53
4112 42 43 53 54
4113 42 44 46 48
4114 42 44 48 50
4115 42 44 50 52
4116 42 44 52 54
4117 42 44 54 56
4118 42 44 56 58
4119 42 44 58 60
4120 42 44 60 62
4121 42 44 62 64
4122 42 44 64 66
4123 42 45 48 51
4124 42 45 51 54
4125 42 45 54 57
4126 42 45 57 60
4127 42 45 60 63
4128 42 45 63 66
4129 42 45 66 69
4130 54 53 52 51
4131 54 53 51 50
4132 54 53 50 49
4133 54 53 49 48
4134 54 53 48 47
4135 54 53 47 46
4136 54 53 46 45
4137 54 53 45 44
4138 54 53 44 43
4139 54 53 43 42
4140 66 64 62 60
4141 66 64 60 58
4142 66 64 58 56
4143 66 64 56 54
4144 66 64 54 52
4145 66 64 52 50
4146 66 64 50 48
4147 66 64 48 46
4148 66 64 46 44
4149 66 64 44 42
4150 43 44 45 46
4151 43 44 46 47
4152 43 44 47 48
4153 43 44 48 49
4154 43 44 49 50
4155 43 44 50 51
4156 43 44 51 52
4157 43 44 52 53
4158 43 44 53 54
4159 43 44 54 55
4160 43 45 47 49
4161 43 45 49 51
4162 43 45 51 53
4163 43 45 53 55
4164 43 45 55 57
4165 43 45 57 59
4166 43 45 59 61
4167 43 45 61 63
4168 43 45 63 65
4169 43 45 65 67
4170 43 46 49 52
4171 43 46 52 55
4172 43 46 55 58
4173 43 46 58 61
4174 43 46 61 64
4175 43 46 64 67
4176 43 46 67 70
4177 55 54 53 52
4178 55 54 52 51
4179 55 54 51 50
4180 55 54 50 49
4181 55 54 49 48
4182 55 54 48 47
4183 55 54 47 46
4184 55 54 46 45
4185 55 54 45 44
4186 55 54 44 43
4187 67 65 63 61
4188 67 65 61 59
4189 67 65 59 57
4190 67 65 57 55
4191 67 65 55 53
4192 67 65 53 51
4193 67 65 51 49
4194 67 65 49 47
4195 67 65 47 45
4196 67 65 45 43
4197 44 45 46 47
4198 44 45 47 48
4199 44 45 48 49
4200 44 45 49 50
4201 44 45 50 51
4202 44 45 51 52
4203 44 45 52 53
4204 44 45 53 54
4205 44 45 54 55
4206 44 45 55 56
4207 44 46 48 50
4208 44 46 50 52
4209 44 46 52 54
4210 44 46 54 56
4211 44 46 56 58
4212 44 46 58 60
4213 44 46 60 62
4214 44 46 62 64
4215 44 46 64 66
4216 44 46 66 68
4217 44 47 50 53
4218 44 47 53 56
4219 44 47 56 59
4220 44 47 59 62
4221 44 47 62 65
4222 44 47 65 68
4223 44 47 68 71
4224 56 55 54 53
4225 56 55 53 52
4226 56 55 52 51
4227 56 55 51 50
4228 56 55 50 49
4229 56 55 49 48
4230 56 55 48 47
4231 56 55 47 46
4232 56 55 46 45
4233 56 55 45 44
4234 68 66 64 62
4235 68 66 62 60
4236 68 66 60 58
4237 68 66 58 56
4238 68 66 56 54
4239 68 66 54 52
4240 68 66 52 50
4241 68 66 50 48
4242 68 66 48 46
4243 68 66 46 44
4244 45 46 47 48
4245 45 46 48 49
4246 45 46 49 50
4247 45 46 50 51
4248 45 46 51 52
4249 45 46 52 53
4250 45 46 53 54
4251 45 46 54 55
4252 45 46 55 56
4253 45 46 56 57
4254 45 47 49 51
4255 45 47 51 53
4256 45 47 53 55
4257 45 47 55 57
4258 45 47 57 59
4259 45 47 59 61
4260 45 47 61 63
4261 45 47 63 65
4262 45 47 65 67
4263 45 47 67 69
4264 45 48 51 54
4265 45 48 54 57
4266 45 48 57 60
4267 45 48 60 63
4268 45 48 63 66
4269 45 48 66 69
4270 57 56 55 54
4271 57 56 54 53
4272 57 56 53 52
4273 57 56 52 51
4274 57 56 51 50
4275 57 56 50 49
4276 57 56 49 48
4277 57 56 48 47
4278 57 56 47 46
4279 57 56 46 45
4280 69 67 65 63
4281 69 67 63 61
4282 69 67 61 59
4283 69 67 59 57
4284 69 67 57 55
4285 69 67 55 53
4286 69 67 53 51
4287 69 67 51 49
4288 69 67 49 47
4289 69 67 47 45
4290 46 47 48 49
4291 46 47 49 50
4292 46 47 50 51
4293 46 47 51 52
4294 46 47 52 53
4295 46 47 53 54
4296 46 47 54 55
4297 46 47 55 56
4298 46 47 56 57
4299 46 47 57 58
4300 46 48 50 52
4301 46 48 52 54
4302 46 48 54 56
4303 46 48 56 58
4304 46 48 58 60
4305 46 48 60 62
4306 46 48 62 64
4307 46 48 64 66
4308 46 48 66 68
4309 46 48 68 70
4310 58 57 56 55
4311 58 57 55 54
4312 58 57 54 53
4313 58 57 53 52
4314 58 57 52 51
4315 58 57 51 50
4316 58 57 50 49
4317 58 57 49 48
4318 58 57 48 47
4319 58 57 47 46
4320 70 68 66 64
4321 70 68 64 62
4322 70 68 62 60
4323 70 68 60 58
4324 70 68 58 56
4325 70 68 56 54
4326 70 68 54 52
4327 70 68 52 50
4328 70 68 50 48
4329 70 68 48 46
4330 47 48 49 50
4331 47 48 50 51
4332 47 48 51 52
4333 47 48 52 53
4334 47 48 53 54
4335 47 48 54 55
4336 47 48 55 56
4337 47 48 56 57
4338 47 48 57 58
4339 47 48 58 59
4340 47 49 51 53
4341 47 49 53 55
4342 47 49 55 57
4343 47 49 57 59
4344 47 49 59 61
4345 47 49 61 63
4346 47 49 63 65
4347 47 49 65 67
4348 47 49 67 69
4349 47 49 69 71
4350 59 58 57 56
4351 59 58 56 55
4352 59 58 55 54
4353 59 58 54 53
4354 59 58 53 52
4355 59 58 52 51
4356 59 58 51 50
4357 59 58 50 49
4358 59 58 49 48
4359 59 58 48 47
4360 71 69 67 65
4361 71 69 65 63
4362 71 69 63 61
4363 71 69 61 59
4364 71 69 59 57
4365 71 69 57 55
4366 71 69 55 53
4367 71 69 53 51
4368 71 69 51 49
4369 71 69 49 47
4370 48 49 50 51
4371 48 49 51 52
4372 48 49 52 53
4373 48 49 53 54
4374 48 49 54 55
4375 48 49 55 56
4376 48 49 56 57
4377 48 49 57 58
4378 48 49 58 59
4379 48 49 59 60
4380 48 50 52 54
4381 48 50 54 56
4382 48 50 56 58
4383 48 50 58 60
4384 48 50 60 62
4385 48 50 62 64
4386 48 50 64 66
4387 48 50 66 68
4388 48 50 68 70
4389 60 59 58 57
4390 60 59 57 56
4391 60 59 56 55
4392 60 59 55 54
4393 60 59 54 53
4394 60 59 53 52
4395 60 59 52 51
4396 60 59 51 50
4397 60 59 50 49
4398 60 59 49 48
4399 72 70 68 66
4400 72 70 66 64
4401 72 70 64 62
4402 72 70 62 60
4403 72 70 60 58
4404 72 70 58 56
4405 72 70 56 54
4406 72 70 54 52
4407 72 70 52 50
4408 72 70 50 48
4409 49 50 51 52
4410 49 50 52 53
4411 49 50 53 54
4412 49 50 54 55
4413 49 50 55 56
4414 49 50 56 57
4415 49 50 57 58
4416 49 50 58 59
4417 49 50 59 60
4418 49 50 60 61
4419 49 51 53 55
4420 49 51 55 57
4421 49 51 57 59
4422 49 51 59 61
4423 49 51 61 63
4424 49 51 63 65
4425 49 51 65 67
4426 49 51 67 69
4427 49 51 69 71
4428 61 60 59 58
4429 61 60 58 57
4430 61 60 57 56
4431 61 60 56 55
4432 61 60 55 54
4433 61 60 54 53
4434 61 60 53 52
4435 61 60 52 51
4436 61 60 51 50
4437 61 60 50 49
4438 50 51 52 53
4439 50 51 53 54
4440 50 51 54 55
4441 50 51 55 56
4442 50 51 56 57
4443 50 51 57 58
4444 50 51 58 59
4445 50 51 59 60
4446 50 51 60 61
4447 50 51 61 62
4448 50 52 54 56
4449 50 52 56 58
4450 50 52 58 60
4451 50 52 60 62
4452 50 52 62 64
4453 50 52 64 66
4454 50 52 66 68
4455 50 52 68 70
4456 62 61 60 59
4457 62 61 59 58
4458 62 61 58 57
4459 62 61 57 56
4460 62 61 56 55
4461 62 61 55 54
4462 62 61 54 53
4463 62 61 53 52
4464 62 61 52 51
4465 62 61 51 50
4466 51 52 53 54
4467 51 52 54 55
4468 51 52 55 56
4469 51 52 56 57
4470 51 52 57 58
4471 51 52 58 59
4472 51 52 59 60
4473 51 52 60 61
4474 51 52 61 62
4475 51 52 62 63
4476 51 53 55 57
4477 51 53 57 59
4478 51 53 59 61
4479 51 53 61 63
4480 51 53 63 65
4481 51 53 65 67
4482 51 53 67 69
4483 51 53 69 71
4484 63 62 61 60
4485 63 62 60 59
4486 63 62 59 58
4487 63 62 58 57
4488 63 62 57 56
4489 63 62 56 55
4490 63 62 55 54
4491 63 62 54 53
4492 63 62 53 52
4493 63 62 52 51
4494 52 53 54 55
4495 52 53 55 56
4496 52 53 56 57
4497 52 53 57 58
4498 52 53 58 59
4499 52 53 59 60
4500 52 53 60 61
4501 52 53 61 62
4502 52 53 62 63
4503 52 53 63 64
4504 52 54 56 58
4505 52 54 58 60
4506 52 54 60 62
4507 52 54 62 64
4508 52 54 64 66
4509 52 54 66 68
4510 52 54 68 70
4511 64 63 62 61
4512 64 63 61 60
4513 64 63 60 59
4514 64 63 59 58
4515 64 63 58 57
4516 64 63 57 56
4517 64 63 56 55
4518 64 63 55 54
4519 64 63 54 53
4520 64 63 53 52
4521 53 54 55 56
4522 53 54 56 57
4523 53 54 57 58
4524 53 54 58 59
4525 53 54 59 60
4526 53 54 60 61
4527 53 54 61 62
4528 53 54 62 63
4529 53 54 63 64
4530 53 54 64 65
4531 53 55 57 59
4532 53 55 59 61
4533 53 55 61 63
4534 53 55 63 65
4535 53 55 65 67
4536 53 55 67 69
4537 53 55 69 71
4538 65 64 63 62
4539 65 64 62 61
4540 65 64 61 60
4541 65 64 60 59
4542 65 64 59 58
4543 65 64 58 57
4544 65 64 57 56
4545 65 64 56 55
4546 65 64 55 54
4547 65 64 54 53
4548 54 55 56 57
4549 54 55 57 58
4550 54 55 58 59
4551 54 55 59 60
4552 54 55 60 61
4553 54 55 61 62
4554 54 55 62 63
4555 54 55 63 64
4556 54 55 64 65
4557 54 55 65 66
4558 54 56 58 60
4559 54 56 60 62
4560 54 56 62 64
4561 54 56 64 66
4562 54 56 66 68
4563 54 56 68 70
4564 66 65 64 63
4565 66 65 63 62
4566 66 65 62 61
4567 66 65 61 60
4568 66 65 60 59
4569 66 65 59 58
4570 66 65 58 57
4571 66 65 57 56
4572 66 65 56 55
4573 66 65 55 54
4574 55 56 57 58
4575 55 56 58 59
4576 55 56 59 60
4577 55 56 60 61
4578 55 56 61 62
4579 55 56 62 63
4580 55 56 63 64
4581 55 56 64 65
4582 55 56 65 66
4583 55 56 66 67
4584 67 66 65 64
4585 67 66 64 63
4586 67 66 63 62
4587 67 66 62 61
4588 67 66 61 60
4589 67 66 60 59
4590 67 66 59 58
4591 67 66 58 57
4592 67 66 57 56
4593 67 66 56 55
4594 56 57 58 59
4595 56 57 59 60
4596 56 57 60 61
4597 56 57 61 62
4598 56 57 62 63
4599 56 57 63 64
4600 56 57 64 65
4601 56 57 65 66
4602 56 57 66 67
4603 56 57 67 68
4604 68 67 66 65
4605 68 67 65 64
4606 68 67 64 63
4607 68 67 63 62
4608 68 67 62 61
4609 68 67 61 60
4610 68 67 60 59
4611 68 67 59 58
4612 68 67 58 57
4613 68 67 57 56
4614 57 58 59 60
4615 57 58 60 61
4616 57 58 61 62
4617 57 58 62 63
4618 57 58 63 64
4619 57 58 64 65
4620 57 58 65 66
4621 57 58 66 67
4622 57 58 67 68
4623 57 58 68 69
4624 69 68 67 66
4625 69 68 66 65
4626 69 68 65 64
4627 69 68 64 63
4628 69 68 63 62
4629 69 68 62 61
4630 69 68 61 60
4631 69 68 60 59
4632 69 68 59 58
4633 69 68 58 57
4634 58 59 60 61
4635 58 59 61 62
4636 58 59 62 63
4637 58 59 63 64
4638 58 59 64 65
4639 58 59 65 66
4640 58 59 66 67
4641 58 59 67 68
4642 58 59 68 69
4643 58 59 69 70
4644 70 69 68 67
4645 70 69 67 66
4646 70 69 66 65
4647 70 69 65 64
4648 70 69 64 63
4649 70 69 63 62
4650 70 69 62 61
4651 70 69 61 60
4652 70 69 60 59
4653 70 69 59 58
4654 59 60 61 62
4655 59 60 62 63
4656 59 60 63 64
4657 59 60 64 65
4658 59 60 65 66
4659 59 60 66 67
4660 59 60 67 68
4661 59 60 68 69
4662 59 60 69 70
4663 59 60 70 71
4664 71 70 69 68
4665 71 70 68 67
4666 71 70 67 66
4667 71 70 66 65
4668 71 70 65 64
4669 71 70 64 63
4670 71 70 63 62
4671 71 70 62 61
4672 71 70 61 60
4673 71 70 60 59
4674 60 61 62 63
4675 60 61 63 64
4676 60 61 64 65
4677 60 61 65 66
4678 60 61 66 67
4679 60 61 67 68
4680 60 61 68 69
4681 60 61 69 70
4682 60 61 70 71
4683 72 71 70 69
4684 72 71 69 68
4685 72 71 68 67
4686 72 71 67 66
4687 72 71 66 65
4688 72 71 65 64
4689 72 71 64 63
4690 72 71 63 62
4691 72 71 62 61
4692 72 71 61 60
4693 61 62 63 64
4694 61 62 64 65
4695 61 62 65 66
4696 61 62 66 67
4697 61 62 67 68
4698 61 62 68 69
4699 61 62 69 70
4700 61 62 70 71
4701 62 63 64 65
4702 62 63 65 66
4703 62 63 66 67
4704 62 63 67 68
4705 62 63 68 69
4706 62 63 69 70
4707 62 63 70 71
4708 63 64 65 66
4709 63 64 66 67
4710 63 64 67 68
4711 63 64 68 69
4712 63 64 69 70
4713 63 64 70 71
