# X Y Z
1 0 0 0
2 1 0 0
3 2 0 0
4 3 0 0
5 4 0 0
6 5 0 0
7 6 0 0
8 7 0 0
9 8 0 0
10 9 0 0
11 10 0 0
12 11 0 0
13 12 0 0
14 13 0 0
15 14 0 0
16 15 0 0
17 16 0 0
18 17 0 0
19 18 0 0
20 19 0 0
21 20 0 0
22 21 0 0
23 22 0 0
24 23 0 0
25 24 0 0
26 25 0 0
27 26 0 0
28 27 0 0
29 28 0 0
30 29 0 0
31 30 0 0
32 31 0 0
33 32 0 0
34 33 0 0
35 34 0 0
36 35 0 0
37 36 0 0
38 37 0 0
39 38 0 0
40 39 0 0
41 40 0 0
42 41 0 0
43 42 0 0
44 43 0 0
45 44 0 0
46 45 0 0
47 46 0 0
48 47 0 0
49 48 0 0
50 49 0 0
51 50 0 0
52 51 0 0
53 52 0 0
54 53 0 0
55 54 0 0
56 55 0 0
57 56 0 0
58 57 0 0
59 58 0 0
60 59 0 0
61 60 0 0
62 61 0 0
63 62 0 0
64 63 0 0
65 64 0 0
66 65 0 0
67 66 0 0
68 67 0 0
69 68 0 0
70 69 0 0
71 70 0 0
72 71 0 0
# A B M N
1 1 5 45 49
2 1 6 46 51
3 1 6 51 56
4 1 6 56 61
5 1 7 13 19
6 1 7 19 25
7 1 7 25 31
8 1 7 31 37
9 1 7 37 43
10 1 7 43 49
11 1 7 49 55
12 1 7 55 61
13 1 7 61 67
14 1 8 15 22
15 1 8 22 29
16 1 8 29 36
17 1 8 36 43
18 1 8 43 50
19 1 8 50 57
20 1 8 57 64
21 1 8 64 71
22 49 45 41 37
23 49 45 37 33
24 49 45 33 29
25 49 45 29 25
26 49 45 25 21
27 49 45 21 17
28 49 45 17 13
29 49 45 13 9
30 49 45 9 5
31 49 45 5 1
32 61 56 51 46
33 61 56 46 41
34 61 56 41 36
35 61 56 36 31
36 61 56 31 26
37 61 56 26 21
38 61 56 21 16
39 61 56 16 11
40 61 56 11 6
41 61 56 6 1
42 56 51 46 41
43 56 51 41 36
44 56 51 36 31
45 56 51 31 26
46 56 51 26 21
47 56 51 21 16
48 56 51 16 11
49 56 51 11 6
50 56 51 6 1
51 51 46 41 36
52 51 46 36 31
53 51 46 31 26
54 51 46 26 21
55 51 46 21 16
56 51 46 16 11
57 51 46 11 6
58 51 46 6 1
59 67 61 55 49
60 67 61 49 43
61 67 61 43 37
62 67 61 37 31
63 67 61 31 25
64 67 61 25 19
65 67 61 19 13
66 67 61 13 7
67 67 61 7 1
68 61 55 49 43
69 61 55 43 37
70 61 55 37 31
71 61 55 31 25
72 61 55 25 19
73 61 55 19 13
74 61 55 13 7
75 61 55 7 1
76 55 49 43 37
77 55 49 37 31
78 55 49 31 25
79 55 49 25 19
80 55 49 19 13
81 55 49 13 7
82 55 49 7 1
83 71 64 57 50
84 71 64 50 43
85 71 64 43 36
86 71 64 36 29
87 71 64 29 22
88 71 64 22 15
89 71 64 15 8
90 71 64 8 1
91 64 57 50 43
92 64 57 43 36
93 64 57 36 29
94 64 57 29 22
95 64 57 22 15
96 64 57 15 8
97 64 57 8 1
98 2 6 46 50
99 2 7 47 52
100 2 7 52 57
101 2 7 57 62
102 2 8 14 20
103 2 8 20 26
104 2 8 26 32
105 2 8 32 38
106 2 8 38 44
107 2 8 44 50
108 2 8 50 56
109 2 8 56 62
110 2 8 62 68
111 2 9 16 23
112 2 9 23 30
113 2 9 30 37
114 2 9 37 44
115 2 9 44 51
116 2 9 51 58
117 2 9 58 65
118 50 46 42 38
119 50 46 38 34
120 50 46 34 30
121 50 46 30 26
122 50 46 26 22
123 50 46 22 18
124 50 46 18 14
125 50 46 14 10
126 50 46 10 6
127 50 46 6 2
128 62 57 52 47
129 62 57 47 42
130 62 57 42 37
131 62 57 37 32
132 62 57 32 27
133 62 57 27 22
134 62 57 22 17
135 62 57 17 12
136 62 57 12 7
137 62 57 7 2
138 57 52 47 42
139 57 52 42 37
140 57 52 37 32
141 57 52 32 27
142 57 52 27 22
143 57 52 22 17
144 57 52 17 12
145 57 52 12 7
146 57 52 7 2
147 52 47 42 37
148 52 47 37 32
149 52 47 32 27
150 52 47 27 22
151 52 47 22 17
152 52 47 17 12
153 52 47 12 7
154 52 47 7 2
155 68 62 56 50
156 68 62 50 44
157 68 62 44 38
158 68 62 38 32
159 68 62 32 26
160 68 62 26 20
161 68 62 20 14
162 68 62 14 8
163 68 62 8 2
164 62 56 50 44
165 62 56 44 38
166 62 56 38 32
167 62 56 32 26
168 62 56 26 20
169 62 56 20 14
170 62 56 14 8
171 62 56 8 2
172 56 50 44 38
173 56 50 38 32
174 56 50 32 26
175 56 50 26 20
176 56 50 20 14
177 56 50 14 8
178 56 50 8 2
179 72 65 58 51
180 72 65 51 44
181 72 65 44 37
182 72 65 37 30
183 72 65 30 23
184 72 65 23 16
185 72 65 16 9
186 72 65 9 2
187 65 58 51 44
188 65 58 44 37
189 65 58 37 30
190 65 58 30 23
191 65 58 23 16
192 65 58 16 9
193 65 58 9 2
194 3 7 47 51
195 3 8 43 48
196 3 8 48 53
197 3 8 53 58
198 3 8 58 63
199 3 9 15 21
200 3 9 21 27
201 3 9 27 33
202 3 9 33 39
203 3 9 39 45
204 3 9 45 51
205 3 9 51 57
206 3 9 57 63
207 3 9 63 69
208 3 10 17 24
209 3 10 24 31
210 3 10 31 38
211 3 10 38 45
212 3 10 45 52
213 3 10 52 59
214 3 10 59 66
215 51 47 43 39
216 51 47 39 35
217 51 47 35 31
218 51 47 31 27
219 51 47 27 23
220 51 47 23 19
221 51 47 19 15
222 51 47 15 11
223 51 47 11 7
224 51 47 7 3
225 63 58 53 48
226 63 58 48 43
227 63 58 43 38
228 63 58 38 33
229 63 58 33 28
230 63 58 28 23
231 63 58 23 18
232 63 58 18 13
233 63 58 13 8
234 63 58 8 3
235 58 53 48 43
236 58 53 43 38
237 58 53 38 33
238 58 53 33 28
239 58 53 28 23
240 58 53 23 18
241 58 53 18 13
242 58 53 13 8
243 58 53 8 3
244 53 48 43 38
245 53 48 38 33
246 53 48 33 28
247 53 48 28 23
248 53 48 23 18
249 53 48 18 13
250 53 48 13 8
251 53 48 8 3
252 69 63 57 51
253 69 63 51 45
254 69 63 45 39
255 69 63 39 33
256 69 63 33 27
257 69 63 27 21
258 69 63 21 15
259 69 63 15 9
260 69 63 9 3
261 63 57 51 45
262 63 57 45 39
263 63 57 39 33
264 63 57 33 27
265 63 57 27 21
266 63 57 21 15
267 63 57 15 9
268 63 57 9 3
269 57 51 45 39
270 57 51 39 33
271 57 51 33 27
272 57 51 27 21
273 57 51 21 15
274 57 51 15 9
275 57 51 9 3
276 66 59 52 45
277 66 59 45 38
278 66 59 38 31
279 66 59 31 24
280 66 59 24 17
281 66 59 17 10
282 66 59 10 3
283 4 8 44 48
284 4 8 48 52
285 4 9 14 19
286 4 9 19 24
287 4 9 24 29
288 4 9 29 34
289 4 9 34 39
290 4 9 39 44
291 4 9 44 49
292 4 9 49 54
293 4 9 54 59
294 4 9 59 64
295 4 10 16 22
296 4 10 22 28
297 4 10 28 34
298 4 10 34 40
299 4 10 40 46
300 4 10 46 52
301 4 10 52 58
302 4 10 58 64
303 4 10 64 70
304 4 11 18 25
305 4 11 25 32
306 4 11 32 39
307 4 11 39 46
308 4 11 46 53
309 4 11 53 60
310 4 11 60 67
311 52 48 44 40
312 52 48 40 36
313 52 48 36 32
314 52 48 32 28
315 52 48 28 24
316 52 48 24 20
317 52 48 20 16
318 52 48 16 12
319 52 48 12 8
320 52 48 8 4
321 64 59 54 49
322 64 59 49 44
323 64 59 44 39
324 64 59 39 34
325 64 59 34 29
326 64 59 29 24
327 64 59 24 19
328 64 59 19 14
329 64 59 14 9
330 64 59 9 4
331 59 54 49 44
332 59 54 44 39
333 59 54 39 34
334 59 54 34 29
335 59 54 29 24
336 59 54 24 19
337 59 54 19 14
338 59 54 14 9
339 59 54 9 4
340 54 49 44 39
341 54 49 39 34
342 54 49 34 29
343 54 49 29 24
344 54 49 24 19
345 54 49 19 14
346 54 49 14 9
347 54 49 9 4
348 49 44 39 34
349 49 44 34 29
350 49 44 29 24
351 49 44 24 19
352 49 44 19 14
353 49 44 14 9
354 49 44 9 4
355 70 64 58 52
356 70 64 52 46
357 70 64 46 40
358 70 64 40 34
359 70 64 34 28
360 70 64 28 22
361 70 64 22 16
362 70 64 16 10
363 70 64 10 4
364 64 58 52 46
365 64 58 46 40
366 64 58 40 34
367 64 58 34 28
368 64 58 28 22
369 64 58 22 16
370 64 58 16 10
371 64 58 10 4
372 58 52 46 40
373 58 52 40 34
374 58 52 34 28
375 58 52 28 22
376 58 52 22 16
377 58 52 16 10
378 58 52 10 4
379 67 60 53 46
380 67 60 46 39
381 67 60 39 32
382 67 60 32 25
383 67 60 25 18
384 67 60 18 11
385 67 60 11 4
386 5 9 45 49
387 5 9 49 53
388 5 10 15 20
389 5 10 20 25
390 5 10 25 30
391 5 10 30 35
392 5 10 35 40
393 5 10 40 45
394 5 10 45 50
395 5 10 50 55
396 5 10 55 60
397 5 10 60 65
398 5 11 17 23
399 5 11 23 29
400 5 11 29 35
401 5 11 35 41
402 5 11 41 47
403 5 11 47 53
404 5 11 53 59
405 5 11 59 65
406 5 11 65 71
407 5 12 19 26
408 5 12 26 33
409 5 12 33 40
410 5 12 40 47
411 5 12 47 54
412 5 12 54 61
413 5 12 61 68
414 53 49 45 41
415 53 49 41 37
416 53 49 37 33
417 53 49 33 29
418 53 49 29 25
419 53 49 25 21
420 53 49 21 17
421 53 49 17 13
422 53 49 13 9
423 53 49 9 5
424 65 60 55 50
425 65 60 50 45
426 65 60 45 40
427 65 60 40 35
428 65 60 35 30
429 65 60 30 25
430 65 60 25 20
431 65 60 20 15
432 65 60 15 10
433 65 60 10 5
434 60 55 50 45
435 60 55 45 40
436 60 55 40 35
437 60 55 35 30
438 60 55 30 25
439 60 55 25 20
440 60 55 20 15
441 60 55 15 10
442 60 55 10 5
443 55 50 45 40
444 55 50 40 35
445 55 50 35 30
446 55 50 30 25
447 55 50 25 20
448 55 50 20 15
449 55 50 15 10
450 55 50 10 5
451 50 45 40 35
452 50 45 35 30
453 50 45 30 25
454 50 45 25 20
455 50 45 20 15
456 50 45 15 10
457 50 45 10 5
458 71 65 59 53
459 71 65 53 47
460 71 65 47 41
461 71 65 41 35
462 71 65 35 29
463 71 65 29 23
464 71 65 23 17
465 71 65 17 11
466 71 65 11 5
467 65 59 53 47
468 65 59 47 41
469 65 59 41 35
470 65 59 35 29
471 65 59 29 23
472 65 59 23 17
473 65 59 17 11
474 65 59 11 5
475 59 53 47 41
476 59 53 41 35
477 59 53 35 29
478 59 53 29 23
479 59 53 23 17
480 59 53 17 11
481 59 53 11 5
482 68 61 54 47
483 68 61 47 40
484 68 61 40 33
485 68 61 33 26
486 68 61 26 19
487 68 61 19 12
488 68 61 12 5
489 6 10 46 50
490 6 10 50 54
491 6 11 16 21
492 6 11 21 26
493 6 11 26 31
494 6 11 31 36
495 6 11 36 41
496 6 11 41 46
497 6 11 46 51
498 6 11 51 56
499 6 11 56 61
500 6 11 61 66
501 6 12 18 24
502 6 12 24 30
503 6 12 30 36
504 6 12 36 42
505 6 12 42 48
506 6 12 48 54
507 6 12 54 60
508 6 12 60 66
509 6 13 20 27
510 6 13 27 34
511 6 13 34 41
512 6 13 41 48
513 6 13 48 55
514 6 13 55 62
515 6 13 62 69
516 54 50 46 42
517 54 50 42 38
518 54 50 38 34
519 54 50 34 30
520 54 50 30 26
521 54 50 26 22
522 54 50 22 18
523 54 50 18 14
524 54 50 14 10
525 54 50 10 6
526 66 61 56 51
527 66 61 51 46
528 66 61 46 41
529 66 61 41 36
530 66 61 36 31
531 66 61 31 26
532 66 61 26 21
533 66 61 21 16
534 66 61 16 11
535 66 61 11 6
536 72 66 60 54
537 72 66 54 48
538 72 66 48 42
539 72 66 42 36
540 72 66 36 30
541 72 66 30 24
542 72 66 24 18
543 72 66 18 12
544 72 66 12 6
545 66 60 54 48
546 66 60 48 42
547 66 60 42 36
548 66 60 36 30
549 66 60 30 24
550 66 60 24 18
551 66 60 18 12
552 66 60 12 6
553 60 54 48 42
554 60 54 42 36
555 60 54 36 30
556 60 54 30 24
557 60 54 24 18
558 60 54 18 12
559 60 54 12 6
560 69 62 55 48
561 69 62 48 41
562 69 62 41 34
563 69 62 34 27
564 69 62 27 20
565 69 62 20 13
566 69 62 13 6
567 7 11 47 51
568 7 11 51 55
569 7 12 17 22
570 7 12 22 27
571 7 12 27 32
572 7 12 32 37
573 7 12 37 42
574 7 12 42 47
575 7 12 47 52
576 7 12 52 57
577 7 12 57 62
578 7 12 62 67
579 7 13 19 25
580 7 13 25 31
581 7 13 31 37
582 7 13 37 43
583 7 13 43 49
584 7 13 49 55
585 7 13 55 61
586 7 13 61 67
587 7 14 21 28
588 7 14 28 35
589 7 14 35 42
590 7 14 42 49
591 7 14 49 56
592 7 14 56 63
593 7 14 63 70
594 55 51 47 43
595 55 51 43 39
596 55 51 39 35
597 55 51 35 31
598 55 51 31 27
599 55 51 27 23
600 55 51 23 19
601 55 51 19 15
602 55 51 15 11
603 55 51 11 7
604 67 62 57 52
605 67 62 52 47
606 67 62 47 42
607 67 62 42 37
608 67 62 37 32
609 67 62 32 27
610 67 62 27 22
611 67 62 22 17
612 67 62 17 12
613 67 62 12 7
614 70 63 56 49
615 70 63 49 42
616 70 63 42 35
617 70 63 35 28
618 70 63 28 21
619 70 63 21 14
620 70 63 14 7
621 8 12 44 48
622 8 12 48 52
623 8 12 52 56
624 8 13 18 23
625 8 13 23 28
626 8 13 28 33
627 8 13 33 38
628 8 13 38 43
629 8 13 43 48
630 8 13 48 53
631 8 13 53 58
632 8 13 58 63
633 8 13 63 68
634 8 14 20 26
635 8 14 26 32
636 8 14 32 38
637 8 14 38 44
638 8 14 44 50
639 8 14 50 56
640 8 14 56 62
641 8 14 62 68
642 8 15 22 29
643 8 15 29 36
644 8 15 36 43
645 8 15 43 50
646 8 15 50 57
647 8 15 57 64
648 8 15 64 71
649 56 52 48 44
650 56 52 44 40
651 56 52 40 36
652 56 52 36 32
653 56 52 32 28
654 56 52 28 24
655 56 52 24 20
656 56 52 20 16
657 56 52 16 12
658 56 52 12 8
659 68 63 58 53
660 68 63 53 48
661 68 63 48 43
662 68 63 43 38
663 68 63 38 33
664 68 63 33 28
665 68 63 28 23
666 68 63 23 18
667 68 63 18 13
668 68 63 13 8
669 9 13 45 49
670 9 13 49 53
671 9 13 53 57
672 9 14 19 24
673 9 14 24 29
674 9 14 29 34
675 9 14 34 39
676 9 14 39 44
677 9 14 44 49
678 9 14 49 54
679 9 14 54 59
680 9 14 59 64
681 9 14 64 69
682 9 15 21 27
683 9 15 27 33
684 9 15 33 39
685 9 15 39 45
686 9 15 45 51
687 9 15 51 57
688 9 15 57 63
689 9 15 63 69
690 9 16 23 30
691 9 16 30 37
692 9 16 37 44
693 9 16 44 51
694 9 16 51 58
695 9 16 58 65
696 57 53 49 45
697 57 53 45 41
698 57 53 41 37
699 57 53 37 33
700 57 53 33 29
701 57 53 29 25
702 57 53 25 21
703 57 53 21 17
704 57 53 17 13
705 57 53 13 9
706 69 64 59 54
707 69 64 54 49
708 69 64 49 44
709 69 64 44 39
710 69 64 39 34
711 69 64 34 29
712 69 64 29 24
713 69 64 24 19
714 69 64 19 14
715 69 64 14 9
716 10 14 46 50
717 10 14 50 54
718 10 14 54 58
719 10 15 20 25
720 10 15 25 30
721 10 15 30 35
722 10 15 35 40
723 10 15 40 45
724 10 15 45 50
725 10 15 50 55
726 10 15 55 60
727 10 15 60 65
728 10 15 65 70
729 10 16 22 28
730 10 16 28 34
731 10 16 34 40
732 10 16 40 46
733 10 16 46 52
734 10 16 52 58
735 10 16 58 64
736 10 16 64 70
737 58 54 50 46
738 58 54 46 42
739 58 54 42 38
740 58 54 38 34
741 58 54 34 30
742 58 54 30 26
743 58 54 26 22
744 58 54 22 18
745 58 54 18 14
746 58 54 14 10
747 70 65 60 55
748 70 65 55 50
749 70 65 50 45
750 70 65 45 40
751 70 65 40 35
752 70 65 35 30
753 70 65 30 25
754 70 65 25 20
755 70 65 20 15
756 70 65 15 10
757 11 15 47 51
758 11 15 51 55
759 11 15 55 59
760 11 16 21 26
761 11 16 26 31
762 11 16 31 36
763 11 16 36 41
764 11 16 41 46
765 11 16 46 51
766 11 16 51 56
767 11 16 56 61
768 11 16 61 66
769 11 16 66 71
770 11 17 23 29
771 11 17 29 35
772 11 17 35 41
773 11 17 41 47
774 11 17 47 53
775 11 17 53 59
776 11 17 59 65
777 11 17 65 71
778 59 55 51 47
779 59 55 47 43
780 59 55 43 39
781 59 55 39 35
782 59 55 35 31
783 59 55 31 27
784 59 55 27 23
785 59 55 23 19
786 59 55 19 15
787 59 55 15 11
788 71 66 61 56
789 71 66 56 51
790 71 66 51 46
791 71 66 46 41
792 71 66 41 36
793 71 66 36 31
794 71 66 31 26
795 71 66 26 21
796 71 66 21 16
797 71 66 16 11
798 12 15 45 48
799 12 16 44 48
800 12 16 48 52
801 12 16 52 56
802 12 16 56 60
803 12 17 22 27
804 12 17 27 32
805 12 17 32 37
806 12 17 37 42
807 12 17 42 47
808 12 17 47 52
809 12 17 52 57
810 12 17 57 62
811 12 17 62 67
812 12 18 24 30
813 12 18 30 36
814 12 18 36 42
815 12 18 42 48
816 12 18 48 54
817 12 18 54 60
818 12 18 60 66
819 60 56 52 48
820 60 56 48 44
821 60 56 44 40
822 60 56 40 36
823 60 56 36 32
824 60 56 32 28
825 60 56 28 24
826 60 56 24 20
827 60 56 20 16
828 60 56 16 12
829 72 67 62 57
830 72 67 57 52
831 72 67 52 47
832 72 67 47 42
833 72 67 42 37
834 72 67 37 32
835 72 67 32 27
836 72 67 27 22
837 72 67 22 17
838 72 67 17 12
839 13 16 46 49
840 13 17 21 25
841 13 17 25 29
842 13 17 29 33
843 13 17 33 37
844 13 17 37 41
845 13 17 41 45
846 13 17 45 49
847 13 17 49 53
848 13 17 53 57
849 13 17 57 61
850 13 18 23 28
851 13 18 28 33
852 13 18 33 38
853 13 18 38 43
854 13 18 43 48
855 13 18 48 53
856 13 18 53 58
857 13 18 58 63
858 13 18 63 68
859 13 19 25 31
860 13 19 31 37
861 13 19 37 43
862 13 19 43 49
863 13 19 49 55
864 13 19 55 61
865 13 19 61 67
866 49 46 43 40
867 49 46 40 37
868 49 46 37 34
869 49 46 34 31
870 49 46 31 28
871 49 46 28 25
872 49 46 25 22
873 49 46 22 19
874 49 46 19 16
875 49 46 16 13
876 61 57 53 49
877 61 57 49 45
878 61 57 45 41
879 61 57 41 37
880 61 57 37 33
881 61 57 33 29
882 61 57 29 25
883 61 57 25 21
884 61 57 21 17
885 61 57 17 13
886 14 17 47 50
887 14 18 22 26
888 14 18 26 30
889 14 18 30 34
890 14 18 34 38
891 14 18 38 42
892 14 18 42 46
893 14 18 46 50
894 14 18 50 54
895 14 18 54 58
896 14 18 58 62
897 14 19 24 29
898 14 19 29 34
899 14 19 34 39
900 14 19 39 44
901 14 19 44 49
902 14 19 49 54
903 14 19 54 59
904 14 19 59 64
905 14 19 64 69
906 14 20 26 32
907 14 20 32 38
908 14 20 38 44
909 14 20 44 50
910 14 20 50 56
911 14 20 56 62
912 14 20 62 68
913 50 47 44 41
914 50 47 41 38
915 50 47 38 35
916 50 47 35 32
917 50 47 32 29
918 50 47 29 26
919 50 47 26 23
920 50 47 23 20
921 50 47 20 17
922 50 47 17 14
923 62 58 54 50
924 62 58 50 46
925 62 58 46 42
926 62 58 42 38
927 62 58 38 34
928 62 58 34 30
929 62 58 30 26
930 62 58 26 22
931 62 58 22 18
932 62 58 18 14
933 15 18 45 48
934 15 18 48 51
935 15 19 23 27
936 15 19 27 31
937 15 19 31 35
938 15 19 35 39
939 15 19 39 43
940 15 19 43 47
941 15 19 47 51
942 15 19 51 55
943 15 19 55 59
944 15 19 59 63
945 15 20 25 30
946 15 20 30 35
947 15 20 35 40
948 15 20 40 45
949 15 20 45 50
950 15 20 50 55
951 15 20 55 60
952 15 20 60 65
953 15 20 65 70
954 15 21 27 33
955 15 21 33 39
956 15 21 39 45
957 15 21 45 51
958 15 21 51 57
959 15 21 57 63
960 15 21 63 69
961 51 48 45 42
962 51 48 42 39
963 51 48 39 36
964 51 48 36 33
965 51 48 33 30
966 51 48 30 27
967 51 48 27 24
968 51 48 24 21
969 51 48 21 18
970 51 48 18 15
971 63 59 55 51
972 63 59 51 47
973 63 59 47 43
974 63 59 43 39
975 63 59 39 35
976 63 59 35 31
977 63 59 31 27
978 63 59 27 23
979 63 59 23 19
980 63 59 19 15
981 16 19 46 49
982 16 19 49 52
983 16 20 24 28
984 16 20 28 32
985 16 20 32 36
986 16 20 36 40
987 16 20 40 44
988 16 20 44 48
989 16 20 48 52
990 16 20 52 56
991 16 20 56 60
992 16 20 60 64
993 16 21 26 31
994 16 21 31 36
995 16 21 36 41
996 16 21 41 46
997 16 21 46 51
998 16 21 51 56
999 16 21 56 61
1000 16 21 61 66
1001 16 21 66 71
1002 16 22 28 34
1003 16 22 34 40
1004 16 22 40 46
1005 16 22 46 52
1006 16 22 52 58
1007 16 22 58 64
1008 16 22 64 70
1009 52 49 46 43
1010 52 49 43 40
1011 52 49 40 37
1012 52 49 37 34
1013 52 49 34 31
1014 52 49 31 28
1015 52 49 28 25
1016 52 49 25 22
1017 52 49 22 19
1018 52 49 19 16
1019 64 60 56 52
1020 64 60 52 48
1021 64 60 48 44
1022 64 60 44 40
1023 64 60 40 36
1024 64 60 36 32
1025 64 60 32 28
1026 64 60 28 24
1027 64 60 24 20
1028 64 60 20 16
1029 17 20 47 50
1030 17 20 50 53
1031 17 21 25 29
1032 17 21 29 33
1033 17 21 33 37
1034 17 21 37 41
1035 17 21 41 45
1036 17 21 45 49
1037 17 21 49 53
1038 17 21 53 57
1039 17 21 57 61
1040 17 21 61 65
1041 17 22 27 32
1042 17 22 32 37
1043 17 22 37 42
1044 17 22 42 47
1045 17 22 47 52
1046 17 22 52 57
1047 17 22 57 62
1048 17 22 62 67
1049 17 23 29 35
1050 17 23 35 41
1051 17 23 41 47
1052 17 23 47 53
1053 17 23 53 59
1054 17 23 59 65
1055 17 23 65 71
1056 53 50 47 44
1057 53 50 44 41
1058 53 50 41 38
1059 53 50 38 35
1060 53 50 35 32
1061 53 50 32 29
1062 53 50 29 26
1063 53 50 26 23
1064 53 50 23 20
1065 53 50 20 17
1066 65 61 57 53
1067 65 61 53 49
1068 65 61 49 45
1069 65 61 45 41
1070 65 61 41 37
1071 65 61 37 33
1072 65 61 33 29
1073 65 61 29 25
1074 65 61 25 21
1075 65 61 21 17
1076 18 21 45 48
1077 18 21 48 51
1078 18 21 51 54
1079 18 22 26 30
1080 18 22 30 34
1081 18 22 34 38
1082 18 22 38 42
1083 18 22 42 46
1084 18 22 46 50
1085 18 22 50 54
1086 18 22 54 58
1087 18 22 58 62
1088 18 22 62 66
1089 18 23 28 33
1090 18 23 33 38
1091 18 23 38 43
1092 18 23 43 48
1093 18 23 48 53
1094 18 23 53 58
1095 18 23 58 63
1096 18 23 63 68
1097 18 24 30 36
1098 18 24 36 42
1099 18 24 42 48
1100 18 24 48 54
1101 18 24 54 60
1102 18 24 60 66
1103 54 51 48 45
1104 54 51 45 42
1105 54 51 42 39
1106 54 51 39 36
1107 54 51 36 33
1108 54 51 33 30
1109 54 51 30 27
1110 54 51 27 24
1111 54 51 24 21
1112 54 51 21 18
1113 66 62 58 54
1114 66 62 54 50
1115 66 62 50 46
1116 66 62 46 42
1117 66 62 42 38
1118 66 62 38 34
1119 66 62 34 30
1120 66 62 30 26
1121 66 62 26 22
1122 66 62 22 18
1123 19 22 46 49
1124 19 22 49 52
1125 19 22 52 55
1126 19 23 27 31
1127 19 23 31 35
1128 19 23 35 39
1129 19 23 39 43
1130 19 23 43 47
1131 19 23 47 51
1132 19 23 51 55
1133 19 23 55 59
1134 19 23 59 63
1135 19 23 63 67
1136 19 24 29 34
1137 19 24 34 39
1138 19 24 39 44
1139 19 24 44 49
1140 19 24 49 54
1141 19 24 54 59
1142 19 24 59 64
1143 19 24 64 69
1144 55 52 49 46
1145 55 52 46 43
1146 55 52 43 40
1147 55 52 40 37
1148 55 52 37 34
1149 55 52 34 31
1150 55 52 31 28
1151 55 52 28 25
1152 55 52 25 22
1153 55 52 22 19
1154 67 63 59 55
1155 67 63 55 51
1156 67 63 51 47
1157 67 63 47 43
1158 67 63 43 39
1159 67 63 39 35
1160 67 63 35 31
1161 67 63 31 27
1162 67 63 27 23
1163 67 63 23 19
1164 20 23 47 50
1165 20 23 50 53
1166 20 23 53 56
1167 20 24 28 32
1168 20 24 32 36
1169 20 24 36 40
1170 20 24 40 44
1171 20 24 44 48
1172 20 24 48 52
1173 20 24 52 56
1174 20 24 56 60
1175 20 24 60 64
1176 20 24 64 68
1177 20 25 30 35
1178 20 25 35 40
1179 20 25 40 45
1180 20 25 45 50
1181 20 25 50 55
1182 20 25 55 60
1183 20 25 60 65
1184 20 25 65 70
1185 56 53 50 47
1186 56 53 47 44
1187 56 53 44 41
1188 56 53 41 38
1189 56 53 38 35
1190 56 53 35 32
1191 56 53 32 29
1192 56 53 29 26
1193 56 53 26 23
1194 56 53 23 20
1195 68 64 60 56
1196 68 64 56 52
1197 68 64 52 48
1198 68 64 48 44
1199 68 64 44 40
1200 68 64 40 36
1201 68 64 36 32
1202 68 64 32 28
1203 68 64 28 24
1204 68 64 24 20
1205 21 24 45 48
1206 21 24 48 51
1207 21 24 51 54
1208 21 24 54 57
1209 21 25 29 33
1210 21 25 33 37
1211 21 25 37 41
1212 21 25 41 45
1213 21 25 45 49
1214 21 25 49 53
1215 21 25 53 57
1216 21 25 57 61
1217 21 25 61 65
1218 21 25 65 69
1219 21 26 31 36
1220 21 26 36 41
1221 21 26 41 46
1222 21 26 46 51
1223 21 26 51 56
1224 21 26 56 61
1225 21 26 61 66
1226 21 26 66 71
1227 57 54 51 48
1228 57 54 48 45
1229 57 54 45 42
1230 57 54 42 39
1231 57 54 39 36
1232 57 54 36 33
1233 57 54 33 30
1234 57 54 30 27
1235 57 54 27 24
1236 57 54 24 21
1237 69 65 61 57
1238 69 65 57 53
1239 69 65 53 49
1240 69 65 49 45
1241 69 65 45 41
1242 69 65 41 37
1243 69 65 37 33
1244 69 65 33 29
1245 69 65 29 25
1246 69 65 25 21
1247 22 25 28 31
1248 22 25 31 34
1249 22 25 34 37
1250 22 25 37 40
1251 22 25 40 43
1252 22 25 43 46
1253 22 25 46 49
1254 22 25 49 52
1255 22 25 52 55
1256 22 25 55 58
1257 22 26 30 34
1258 22 26 34 38
1259 22 26 38 42
1260 22 26 42 46
1261 22 26 46 50
1262 22 26 50 54
1263 22 26 54 58
1264 22 26 58 62
1265 22 26 62 66
1266 22 26 66 70
1267 22 27 32 37
1268 22 27 37 42
1269 22 27 42 47
1270 22 27 47 52
1271 22 27 52 57
1272 22 27 57 62
1273 22 27 62 67
1274 58 55 52 49
1275 58 55 49 46
1276 58 55 46 43
1277 58 55 43 40
1278 58 55 40 37
1279 58 55 37 34
1280 58 55 34 31
1281 58 55 31 28
1282 58 55 28 25
1283 58 55 25 22
1284 70 66 62 58
1285 70 66 58 54
1286 70 66 54 50
1287 70 66 50 46
1288 70 66 46 42
1289 70 66 42 38
1290 70 66 38 34
1291 70 66 34 30
1292 70 66 30 26
1293 70 66 26 22
1294 23 26 29 32
1295 23 26 32 35
1296 23 26 35 38
1297 23 26 38 41
1298 23 26 41 44
1299 23 26 44 47
1300 23 26 47 50
1301 23 26 50 53
1302 23 26 53 56
1303 23 26 56 59
1304 23 27 31 35
1305 23 27 35 39
1306 23 27 39 43
1307 23 27 43 47
1308 23 27 47 51
1309 23 27 51 55
1310 23 27 55 59
1311 23 27 59 63
1312 23 27 63 67
1313 23 27 67 71
1314 23 28 33 38
1315 23 28 38 43
1316 23 28 43 48
1317 23 28 48 53
1318 23 28 53 58
1319 23 28 58 63
1320 23 28 63 68
1321 59 56 53 50
1322 59 56 50 47
1323 59 56 47 44
1324 59 56 44 41
1325 59 56 41 38
1326 59 56 38 35
1327 59 56 35 32
1328 59 56 32 29
1329 59 56 29 26
1330 59 56 26 23
1331 71 67 63 59
1332 71 67 59 55
1333 71 67 55 51
1334 71 67 51 47
1335 71 67 47 43
1336 71 67 43 39
1337 71 67 39 35
1338 71 67 35 31
1339 71 67 31 27
1340 71 67 27 23
1341 24 26 46 48
1342 24 27 30 33
1343 24 27 33 36
1344 24 27 36 39
1345 24 27 39 42
1346 24 27 42 45
1347 24 27 45 48
1348 24 27 48 51
1349 24 27 51 54
1350 24 27 54 57
1351 24 27 57 60
1352 24 28 32 36
1353 24 28 36 40
1354 24 28 40 44
1355 24 28 44 48
1356 24 28 48 52
1357 24 28 52 56
1358 24 28 56 60
1359 24 28 60 64
1360 24 28 64 68
1361 24 29 34 39
1362 24 29 39 44
1363 24 29 44 49
1364 24 29 49 54
1365 24 29 54 59
1366 24 29 59 64
1367 24 29 64 69
1368 60 57 54 51
1369 60 57 51 48
1370 60 57 48 45
1371 60 57 45 42
1372 60 57 42 39
1373 60 57 39 36
1374 60 57 36 33
1375 60 57 33 30
1376 60 57 30 27
1377 60 57 27 24
1378 72 68 64 60
1379 72 68 60 56
1380 72 68 56 52
1381 72 68 52 48
1382 72 68 48 44
1383 72 68 44 40
1384 72 68 40 36
1385 72 68 36 32
1386 72 68 32 28
1387 72 68 28 24
1388 25 27 47 49
1389 25 28 31 34
1390 25 28 34 37
1391 25 28 37 40
1392 25 28 40 43
1393 25 28 43 46
1394 25 28 46 49
1395 25 28 49 52
1396 25 28 52 55
1397 25 28 55 58
1398 25 28 58 61
1399 25 29 33 37
1400 25 29 37 41
1401 25 29 41 45
1402 25 29 45 49
1403 25 29 49 53
1404 25 29 53 57
1405 25 29 57 61
1406 25 29 61 65
1407 25 29 65 69
1408 25 30 35 40
1409 25 30 40 45
1410 25 30 45 50
1411 25 30 50 55
1412 25 30 55 60
1413 25 30 60 65
1414 25 30 65 70
1415 49 47 45 43
1416 49 47 43 41
1417 49 47 41 39
1418 49 47 39 37
1419 49 47 37 35
1420 49 47 35 33
1421 49 47 33 31
1422 49 47 31 29
1423 49 47 29 27
1424 49 47 27 25
1425 61 58 55 52
1426 61 58 52 49
1427 61 58 49 46
1428 61 58 46 43
1429 61 58 43 40
1430 61 58 40 37
1431 61 58 37 34
1432 61 58 34 31
1433 61 58 31 28
1434 61 58 28 25
1435 26 28 46 48
1436 26 28 48 50
1437 26 29 32 35
1438 26 29 35 38
1439 26 29 38 41
1440 26 29 41 44
1441 26 29 44 47
1442 26 29 47 50
1443 26 29 50 53
1444 26 29 53 56
1445 26 29 56 59
1446 26 29 59 62
1447 26 30 34 38
1448 26 30 38 42
1449 26 30 42 46
1450 26 30 46 50
1451 26 30 50 54
1452 26 30 54 58
1453 26 30 58 62
1454 26 30 62 66
1455 26 30 66 70
1456 26 31 36 41
1457 26 31 41 46
1458 26 31 46 51
1459 26 31 51 56
1460 26 31 56 61
1461 26 31 61 66
1462 26 31 66 71
1463 50 48 46 44
1464 50 48 44 42
1465 50 48 42 40
1466 50 48 40 38
1467 50 48 38 36
1468 50 48 36 34
1469 50 48 34 32
1470 50 48 32 30
1471 50 48 30 28
1472 50 48 28 26
1473 62 59 56 53
1474 62 59 53 50
1475 62 59 50 47
1476 62 59 47 44
1477 62 59 44 41
1478 62 59 41 38
1479 62 59 38 35
1480 62 59 35 32
1481 62 59 32 29
1482 62 59 29 26
1483 27 29 47 49
1484 27 29 49 51
1485 27 30 33 36
1486 27 30 36 39
1487 27 30 39 42
1488 27 30 42 45
1489 27 30 45 48
1490 27 30 48 51
1491 27 30 51 54
1492 27 30 54 57
1493 27 30 57 60
1494 27 30 60 63
1495 27 31 35 39
1496 27 31 39 43
1497 27 31 43 47
1498 27 31 47 51
1499 27 31 51 55
1500 27 31 55 59
1501 27 31 59 63
1502 27 31 63 67
1503 27 31 67 71
1504 27 32 37 42
1505 27 32 42 47
1506 27 32 47 52
1507 27 32 52 57
1508 27 32 57 62
1509 27 32 62 67
1510 51 49 47 45
1511 51 49 45 43
1512 51 49 43 41
1513 51 49 41 39
1514 51 49 39 37
1515 51 49 37 35
1516 51 49 35 33
1517 51 49 33 31
1518 51 49 31 29
1519 51 49 29 27
1520 63 60 57 54
1521 63 60 54 51
1522 63 60 51 48
1523 63 60 48 45
1524 63 60 45 42
1525 63 60 42 39
1526 63 60 39 36
1527 63 60 36 33
1528 63 60 33 30
1529 63 60 30 27
1530 28 30 46 48
1531 28 30 48 50
1532 28 30 50 52
1533 28 31 34 37
1534 28 31 37 40
1535 28 31 40 43
1536 28 31 43 46
1537 28 31 46 49
1538 28 31 49 52
1539 28 31 52 55
1540 28 31 55 58
1541 28 31 58 61
1542 28 31 61 64
1543 28 32 36 40
1544 28 32 40 44
1545 28 32 44 48
1546 28 32 48 52
1547 28 32 52 56
1548 28 32 56 60
1549 28 32 60 64
1550 28 32 64 68
1551 52 50 48 46
1552 52 50 46 44
1553 52 50 44 42
1554 52 50 42 40
1555 52 50 40 38
1556 52 50 38 36
1557 52 50 36 34
1558 52 50 34 32
1559 52 50 32 30
1560 52 50 30 28
1561 64 61 58 55
1562 64 61 55 52
1563 64 61 52 49
1564 64 61 49 46
1565 64 61 46 43
1566 64 61 43 40
1567 64 61 40 37
1568 64 61 37 34
1569 64 61 34 31
1570 64 61 31 28
1571 29 31 47 49
1572 29 31 49 51
1573 29 31 51 53
1574 29 32 35 38
1575 29 32 38 41
1576 29 32 41 44
1577 29 32 44 47
1578 29 32 47 50
1579 29 32 50 53
1580 29 32 53 56
1581 29 32 56 59
1582 29 32 59 62
1583 29 32 62 65
1584 29 33 37 41
1585 29 33 41 45
1586 29 33 45 49
1587 29 33 49 53
1588 29 33 53 57
1589 29 33 57 61
1590 29 33 61 65
1591 29 33 65 69
1592 53 51 49 47
1593 53 51 47 45
1594 53 51 45 43
1595 53 51 43 41
1596 53 51 41 39
1597 53 51 39 37
1598 53 51 37 35
1599 53 51 35 33
1600 53 51 33 31
1601 53 51 31 29
1602 65 62 59 56
1603 65 62 56 53
1604 65 62 53 50
1605 65 62 50 47
1606 65 62 47 44
1607 65 62 44 41
1608 65 62 41 38
1609 65 62 38 35
1610 65 62 35 32
1611 65 62 32 29
1612 30 32 46 48
1613 30 32 48 50
1614 30 32 50 52
1615 30 32 52 54
1616 30 33 36 39
1617 30 33 39 42
1618 30 33 42 45
1619 30 33 45 48
1620 30 33 48 51
1621 30 33 51 54
1622 30 33 54 57
1623 30 33 57 60
1624 30 33 60 63
1625 30 33 63 66
1626 30 34 38 42
1627 30 34 42 46
1628 30 34 46 50
1629 30 34 50 54
1630 30 34 54 58
1631 30 34 58 62
1632 30 34 62 66
1633 30 34 66 70
1634 54 52 50 48
1635 54 52 48 46
1636 54 52 46 44
1637 54 52 44 42
1638 54 52 42 40
1639 54 52 40 38
1640 54 52 38 36
1641 54 52 36 34
1642 54 52 34 32
1643 54 52 32 30
1644 66 63 60 57
1645 66 63 57 54
1646 66 63 54 51
1647 66 63 51 48
1648 66 63 48 45
1649 66 63 45 42
1650 66 63 42 39
1651 66 63 39 36
1652 66 63 36 33
1653 66 63 33 30
1654 31 33 35 37
1655 31 33 37 39
1656 31 33 39 41
1657 31 33 41 43
1658 31 33 43 45
1659 31 33 45 47
1660 31 33 47 49
1661 31 33 49 51
1662 31 33 51 53
1663 31 33 53 55
1664 31 34 37 40
1665 31 34 40 43
1666 31 34 43 46
1667 31 34 46 49
1668 31 34 49 52
1669 31 34 52 55
1670 31 34 55 58
1671 31 34 58 61
1672 31 34 61 64
1673 31 34 64 67
1674 31 35 39 43
1675 31 35 43 47
1676 31 35 47 51
1677 31 35 51 55
1678 31 35 55 59
1679 31 35 59 63
1680 31 35 63 67
1681 31 35 67 71
1682 55 53 51 49
1683 55 53 49 47
1684 55 53 47 45
1685 55 53 45 43
1686 55 53 43 41
1687 55 53 41 39
1688 55 53 39 37
1689 55 53 37 35
1690 55 53 35 33
1691 55 53 33 31
1692 67 64 61 58
1693 67 64 58 55
1694 67 64 55 52
1695 67 64 52 49
1696 67 64 49 46
1697 67 64 46 43
1698 67 64 43 40
1699 67 64 40 37
1700 67 64 37 34
1701 67 64 34 31
1702 32 34 36 38
1703 32 34 38 40
1704 32 34 40 42
1705 32 34 42 44
1706 32 34 44 46
1707 32 34 46 48
1708 32 34 48 50
1709 32 34 50 52
1710 32 34 52 54
1711 32 34 54 56
1712 32 35 38 41
1713 32 35 41 44
1714 32 35 44 47
1715 32 35 47 50
1716 32 35 50 53
1717 32 35 53 56
1718 32 35 56 59
1719 32 35 59 62
1720 32 35 62 65
1721 32 35 65 68
1722 32 36 40 44
1723 32 36 44 48
1724 32 36 48 52
1725 32 36 52 56
1726 32 36 56 60
1727 32 36 60 64
1728 32 36 64 68
1729 56 54 52 50
1730 56 54 50 48
1731 56 54 48 46
1732 56 54 46 44
1733 56 54 44 42
1734 56 54 42 40
1735 56 54 40 38
1736 56 54 38 36
1737 56 54 36 34
1738 56 54 34 32
1739 68 65 62 59
1740 68 65 59 56
1741 68 65 56 53
1742 68 65 53 50
1743 68 65 50 47
1744 68 65 47 44
1745 68 65 44 41
1746 68 65 41 38
1747 68 65 38 35
1748 68 65 35 32
1749 33 35 37 39
1750 33 35 39 41
1751 33 35 41 43
1752 33 35 43 45
1753 33 35 45 47
1754 33 35 47 49
1755 33 35 49 51
1756 33 35 51 53
1757 33 35 53 55
1758 33 35 55 57
1759 33 36 39 42
1760 33 36 42 45
1761 33 36 45 48
1762 33 36 48 51
1763 33 36 51 54
1764 33 36 54 57
1765 33 36 57 60
1766 33 36 60 63
1767 33 36 63 66
1768 33 36 66 69
1769 33 37 41 45
1770 33 37 45 49
1771 33 37 49 53
1772 33 37 53 57
1773 33 37 57 61
1774 33 37 61 65
1775 33 37 65 69
1776 57 55 53 51
1777 57 55 51 49
1778 57 55 49 47
1779 57 55 47 45
1780 57 55 45 43
1781 57 55 43 41
1782 57 55 41 39
1783 57 55 39 37
1784 57 55 37 35
1785 57 55 35 33
1786 69 66 63 60
1787 69 66 60 57
1788 69 66 57 54
1789 69 66 54 51
1790 69 66 51 48
1791 69 66 48 45
1792 69 66 45 42
1793 69 66 42 39
1794 69 66 39 36
1795 69 66 36 33
1796 34 36 38 40
1797 34 36 40 42
1798 34 36 42 44
1799 34 36 44 46
1800 34 36 46 48
1801 34 36 48 50
1802 34 36 50 52
1803 34 36 52 54
1804 34 36 54 56
1805 34 36 56 58
1806 34 37 40 43
1807 34 37 43 46
1808 34 37 46 49
1809 34 37 49 52
1810 34 37 52 55
1811 34 37 55 58
1812 34 37 58 61
1813 34 37 61 64
1814 34 37 64 67
1815 34 37 67 70
1816 34 38 42 46
1817 34 38 46 50
1818 34 38 50 54
1819 34 38 54 58
1820 34 38 58 62
1821 34 38 62 66
1822 34 38 66 70
1823 58 56 54 52
1824 58 56 52 50
1825 58 56 50 48
1826 58 56 48 46
1827 58 56 46 44
1828 58 56 44 42
1829 58 56 42 40
1830 58 56 40 38
1831 58 56 38 36
1832 58 56 36 34
1833 70 67 64 61
1834 70 67 61 58
1835 70 67 58 55
1836 70 67 55 52
1837 70 67 52 49
1838 70 67 49 46
1839 70 67 46 43
1840 70 67 43 40
1841 70 67 40 37
1842 70 67 37 34
1843 35 37 39 41
1844 35 37 41 43
1845 35 37 43 45
1846 35 37 45 47
1847 35 37 47 49
1848 35 37 49 51
1849 35 37 51 53
1850 35 37 53 55
1851 35 37 55 57
1852 35 37 57 59
1853 35 38 41 44
1854 35 38 44 47
1855 35 38 47 50
1856 35 38 50 53
1857 35 38 53 56
1858 35 38 56 59
1859 35 38 59 62
1860 35 38 62 65
1861 35 38 65 68
1862 35 38 68 71
1863 35 39 43 47
1864 35 39 47 51
1865 35 39 51 55
1866 35 39 55 59
1867 35 39 59 63
1868 35 39 63 67
1869 35 39 67 71
1870 59 57 55 53
1871 59 57 53 51
1872 59 57 51 49
1873 59 57 49 47
1874 59 57 47 45
1875 59 57 45 43
1876 59 57 43 41
1877 59 57 41 39
1878 59 57 39 37
1879 59 57 37 35
1880 71 68 65 62
1881 71 68 62 59
1882 71 68 59 56
1883 71 68 56 53
1884 71 68 53 50
1885 71 68 50 47
1886 71 68 47 44
1887 71 68 44 41
1888 71 68 41 38
1889 71 68 38 35
1890 36 37 47 48
1891 36 38 40 42
1892 36 38 42 44
1893 36 38 44 46
1894 36 38 46 48
1895 36 38 48 50
1896 36 38 50 52
1897 36 38 52 54
1898 36 38 54 56
1899 36 38 56 58
1900 36 38 58 60
1901 36 39 42 45
1902 36 39 45 48
1903 36 39 48 51
1904 36 39 51 54
1905 36 39 54 57
1906 36 39 57 60
1907 36 39 60 63
1908 36 39 63 66
1909 36 39 66 69
1910 36 40 44 48
1911 36 40 48 52
1912 36 40 52 56
1913 36 40 56 60
1914 36 40 60 64
1915 36 40 64 68
1916 60 58 56 54
1917 60 58 54 52
1918 60 58 52 50
1919 60 58 50 48
1920 60 58 48 46
1921 60 58 46 44
1922 60 58 44 42
1923 60 58 42 40
1924 60 58 40 38
1925 60 58 38 36
1926 72 69 66 63
1927 72 69 63 60
1928 72 69 60 57
1929 72 69 57 54
1930 72 69 54 51
1931 72 69 51 48
1932 72 69 48 45
1933 72 69 45 42
1934 72 69 42 39
1935 72 69 39 36
1936 37 38 47 48
1937 37 38 48 49
1938 37 39 41 43
1939 37 39 43 45
1940 37 39 45 47
1941 37 39 47 49
1942 37 39 49 51
1943 37 39 51 53
1944 37 39 53 55
1945 37 39 55 57
1946 37 39 57 59
1947 37 39 59 61
1948 37 40 43 46
1949 37 40 46 49
1950 37 40 49 52
1951 37 40 52 55
1952 37 40 55 58
1953 37 40 58 61
1954 37 40 61 64
1955 37 40 64 67
1956 37 40 67 70
1957 49 48 47 46
1958 49 48 46 45
1959 49 48 45 44
1960 49 48 44 43
1961 49 48 43 42
1962 49 48 42 41
1963 49 48 41 40
1964 49 48 40 39
1965 49 48 39 38
1966 49 48 38 37
1967 61 59 57 55
1968 61 59 55 53
1969 61 59 53 51
1970 61 59 51 49
1971 61 59 49 47
1972 61 59 47 45
1973 61 59 45 43
1974 61 59 43 41
1975 61 59 41 39
1976 61 59 39 37
1977 38 39 47 48
1978 38 39 48 49
1979 38 39 49 50
1980 38 40 42 44
1981 38 40 44 46
1982 38 40 46 48
1983 38 40 48 50
1984 38 40 50 52
1985 38 40 52 54
1986 38 40 54 56
1987 38 40 56 58
1988 38 40 58 60
1989 38 40 60 62
1990 38 41 44 47
1991 38 41 47 50
1992 38 41 50 53
1993 38 41 53 56
1994 38 41 56 59
1995 38 41 59 62
1996 38 41 62 65
1997 38 41 65 68
1998 38 41 68 71
1999 50 49 48 47
2000 50 49 47 46
2001 50 49 46 45
2002 50 49 45 44
2003 50 49 44 43
2004 50 49 43 42
2005 50 49 42 41
2006 50 49 41 40
2007 50 49 40 39
2008 50 49 39 38
2009 62 60 58 56
2010 62 60 56 54
2011 62 60 54 52
2012 62 60 52 50
2013 62 60 50 48
2014 62 60 48 46
2015 62 60 46 44
2016 62 60 44 42
2017 62 60 42 40
2018 62 60 40 38
2019 39 40 47 48
2020 39 40 48 49
2021 39 40 49 50
2022 39 40 50 51
2023 39 41 43 45
2024 39 41 45 47
2025 39 41 47 49
2026 39 41 49 51
2027 39 41 51 53
2028 39 41 53 55
2029 39 41 55 57
2030 39 41 57 59
2031 39 41 59 61
2032 39 41 61 63
2033 39 42 45 48
2034 39 42 48 51
2035 39 42 51 54
2036 39 42 54 57
2037 39 42 57 60
2038 39 42 60 63
2039 39 42 63 66
2040 39 42 66 69
2041 51 50 49 48
2042 51 50 48 47
2043 51 50 47 46
2044 51 50 46 45
2045 51 50 45 44
2046 51 50 44 43
2047 51 50 43 42
2048 51 50 42 41
2049 51 50 41 40
2050 51 50 40 39
2051 63 61 59 57
2052 63 61 57 55
2053 63 61 55 53
2054 63 61 53 51
2055 63 61 51 49
2056 63 61 49 47
2057 63 61 47 45
2058 63 61 45 43
2059 63 61 43 41
2060 63 61 41 39
2061 40 41 42 43
2062 40 41 43 44
2063 40 41 44 45
2064 40 41 45 46
2065 40 41 46 47
2066 40 41 47 48
2067 40 41 48 49
2068 40 41 49 50
2069 40 41 50 51
2070 40 41 51 52
2071 40 42 44 46
2072 40 42 46 48
2073 40 42 48 50
2074 40 42 50 52
2075 40 42 52 54
2076 40 42 54 56
2077 40 42 56 58
2078 40 42 58 60
2079 40 42 60 62
2080 40 42 62 64
2081 40 43 46 49
2082 40 43 49 52
2083 40 43 52 55
2084 40 43 55 58
2085 40 43 58 61
2086 40 43 61 64
2087 40 43 64 67
2088 40 43 67 70
2089 52 51 50 49
2090 52 51 49 48
2091 52 51 48 47
2092 52 51 47 46
2093 52 51 46 45
2094 52 51 45 44
2095 52 51 44 43
2096 52 51 43 42
2097 52 51 42 41
2098 52 51 41 40
2099 64 62 60 58
2100 64 62 58 56
2101 64 62 56 54
2102 64 62 54 52
2103 64 62 52 50
2104 64 62 50 48
2105 64 62 48 46
2106 64 62 46 44
2107 64 62 44 42
2108 64 62 42 40
2109 41 42 43 44
2110 41 42 44 45
2111 41 42 45 46
2112 41 42 46 47
2113 41 42 47 48
2114 41 42 48 49
2115 41 42 49 50
2116 41 42 50 51
2117 41 42 51 52
2118 41 42 52 53
2119 41 43 45 47
2120 41 43 47 49
2121 41 43 49 51
2122 41 43 51 53
2123 41 43 53 55
2124 41 43 55 57
2125 41 43 57 59
2126 41 43 59 61
2127 41 43 61 63
2128 41 43 63 65
2129 41 44 47 50
2130 41 44 50 53
2131 41 44 53 56
2132 41 44 56 59
2133 41 44 59 62
2134 41 44 62 65
2135 41 44 65 68
2136 41 44 68 71
2137 53 52 51 50
2138 53 52 50 49
2139 53 52 49 48
2140 53 52 48 47
2141 53 52 47 46
2142 53 52 46 45
2143 53 52 45 44
2144 53 52 44 43
2145 53 52 43 42
2146 53 52 42 41
2147 65 63 61 59
2148 65 63 59 57
2149 65 63 57 55
2150 65 63 55 53
2151 65 63 53 51
2152 65 63 51 49
2153 65 63 49 47
2154 65 63 47 45
2155 65 63 45 43
2156 65 63 43 41
2157 42 43 44 45
2158 42 43 45 46
2159 42 43 46 47
2160 42 43 47 48
2161 42 43 48 49
2162 42 43 49 50
2163 42 43 50 51
2164 42 43 51 52
2165 42 43 52 53
2166 42 43 53 54
2167 42 44 46 48
2168 42 44 48 50
2169 42 44 50 52
2170 42 44 52 54
2171 42 44 54 56
2172 42 44 56 58
2173 42 44 58 60
2174 42 44 60 62
2175 42 44 62 64
2176 42 44 64 66
2177 42 45 48 51
2178 42 45 51 54
2179 42 45 54 57
2180 42 45 57 60
2181 42 45 60 63
2182 42 45 63 66
2183 42 45 66 69
2184 54 53 52 51
2185 54 53 51 50
2186 54 53 50 49
2187 54 53 49 48
2188 54 53 48 47
2189 54 53 47 46
2190 54 53 46 45
2191 54 53 45 44
2192 54 53 44 43
2193 54 53 43 42
2194 66 64 62 60
2195 66 64 60 58
2196 66 64 58 56
2197 66 64 56 54
2198 66 64 54 52
2199 66 64 52 50
2200 66 64 50 48
2201 66 64 48 46
2202 66 64 46 44
2203 66 64 44 42
2204 43 44 45 46
2205 43 44 46 47
2206 43 44 47 48
2207 43 44 48 49
2208 43 44 49 50
2209 43 44 50 51
2210 43 44 51 52
2211 43 44 52 53
2212 43 44 53 54
2213 43 44 54 55
2214 43 45 47 49
2215 43 45 49 51
2216 43 45 51 53
2217 43 45 53 55
2218 43 45 55 57
2219 43 45 57 59
2220 43 45 59 61
2221 43 45 61 63
2222 43 45 63 65
2223 43 45 65 67
2224 43 46 49 52
2225 43 46 52 55
2226 43 46 55 58
2227 43 46 58 61
2228 43 46 61 64
2229 43 46 64 67
2230 43 46 67 70
2231 55 54 53 52
2232 55 54 52 51
2233 55 54 51 50
2234 55 54 50 49
2235 55 54 49 48
2236 55 54 48 47
2237 55 54 47 46
2238 55 54 46 45
2239 55 54 45 44
2240 55 54 44 43
2241 67 65 63 61
2242 67 65 61 59
2243 67 65 59 57
2244 67 65 57 55
2245 67 65 55 53
2246 67 65 53 51
2247 67 65 51 49
2248 67 65 49 47
2249 67 65 47 45
2250 67 65 45 43
2251 44 45 46 47
2252 44 45 47 48
2253 44 45 48 49
2254 44 45 49 50
2255 44 45 50 51
2256 44 45 51 52
2257 44 45 52 53
2258 44 45 53 54
2259 44 45 54 55
2260 44 45 55 56
2261 44 46 48 50
2262 44 46 50 52
2263 44 46 52 54
2264 44 46 54 56
2265 44 46 56 58
2266 44 46 58 60
2267 44 46 60 62
2268 44 46 62 64
2269 44 46 64 66
2270 44 46 66 68
2271 44 47 50 53
2272 44 47 53 56
2273 44 47 56 59
2274 44 47 59 62
2275 44 47 62 65
2276 44 47 65 68
2277 44 47 68 71
2278 56 55 54 53
2279 56 55 53 52
2280 56 55 52 51
2281 56 55 51 50
2282 56 55 50 49
2283 56 55 49 48
2284 56 55 48 47
2285 56 55 47 46
2286 56 55 46 45
2287 56 55 45 44
2288 68 66 64 62
2289 68 66 62 60
2290 68 66 60 58
2291 68 66 58 56
2292 68 66 56 54
2293 68 66 54 52
2294 68 66 52 50
2295 68 66 50 48
2296 68 66 48 46
2297 68 66 46 44
2298 45 46 47 48
2299 45 46 48 49
2300 45 46 49 50
2301 45 46 50 51
2302 45 46 51 52
2303 45 46 52 53
2304 45 46 53 54
2305 45 46 54 55
2306 45 46 55 56
2307 45 46 56 57
2308 45 47 49 51
2309 45 47 51 53
2310 45 47 53 55
2311 45 47 55 57
2312 45 47 57 59
2313 45 47 59 61
2314 45 47 61 63
2315 45 47 63 65
2316 45 47 65 67
2317 45 47 67 69
2318 45 48 51 54
2319 45 48 54 57
2320 45 48 57 60
2321 45 48 60 63
2322 45 48 63 66
2323 45 48 66 69
2324 57 56 55 54
2325 57 56 54 53
2326 57 56 53 52
2327 57 56 52 51
2328 57 56 51 50
2329 57 56 50 49
2330 57 56 49 48
2331 57 56 48 47
2332 57 56 47 46
2333 57 56 46 45
2334 69 67 65 63
2335 69 67 63 61
2336 69 67 61 59
2337 69 67 59 57
2338 69 67 57 55
2339 69 67 55 53
2340 69 67 53 51
2341 69 67 51 49
2342 69 67 49 47
2343 69 67 47 45
2344 46 47 48 49
2345 46 47 49 50
2346 46 47 50 51
2347 46 47 51 52
2348 46 47 52 53
2349 46 47 53 54
2350 46 47 54 55
2351 46 47 55 56
2352 46 47 56 57
2353 46 47 57 58
2354 46 48 50 52
2355 46 48 52 54
2356 46 48 54 56
2357 46 48 56 58
2358 46 48 58 60
2359 46 48 60 62
2360 46 48 62 64
2361 46 48 64 66
2362 46 48 66 68
2363 46 48 68 70
2364 58 57 56 55
2365 58 57 55 54
2366 58 57 54 53
2367 58 57 53 52
2368 58 57 52 51
2369 58 57 51 50
2370 58 57 50 49
2371 58 57 49 48
2372 58 57 48 47
2373 58 57 47 46
2374 70 68 66 64
2375 70 68 64 62
2376 70 68 62 60
2377 70 68 60 58
2378 70 68 58 56
2379 70 68 56 54
2380 70 68 54 52
2381 70 68 52 50
2382 70 68 50 48
2383 70 68 48 46
2384 47 48 49 50
2385 47 48 50 51
2386 47 48 51 52
2387 47 48 52 53
2388 47 48 53 54
2389 47 48 54 55
2390 47 48 55 56
2391 47 48 56 57
2392 47 48 57 58
2393 47 48 58 59
2394 47 49 51 53
2395 47 49 53 55
2396 47 49 55 57
2397 47 49 57 59
2398 47 49 59 61
2399 47 49 61 63
2400 47 49 63 65
2401 47 49 65 67
2402 47 49 67 69
2403 47 49 69 71
2404 59 58 57 56
2405 59 58 56 55
2406 59 58 55 54
2407 59 58 54 53
2408 59 58 53 52
2409 59 58 52 51
2410 59 58 51 50
2411 59 58 50 49
2412 59 58 49 48
2413 59 58 48 47
2414 71 69 67 65
2415 71 69 65 63
2416 71 69 63 61
2417 71 69 61 59
2418 71 69 59 57
2419 71 69 57 55
2420 71 69 55 53
2421 71 69 53 51
2422 71 69 51 49
2423 71 69 49 47
2424 48 49 50 51
2425 48 49 51 52
2426 48 49 52 53
2427 48 49 53 54
2428 48 49 54 55
2429 48 49 55 56
2430 48 49 56 57
2431 48 49 57 58
2432 48 49 58 59
2433 48 49 59 60
2434 48 50 52 54
2435 48 50 54 56
2436 48 50 56 58
2437 48 50 58 60
2438 48 50 60 62
2439 48 50 62 64
2440 48 50 64 66
2441 48 50 66 68
2442 48 50 68 70
2443 60 59 58 57
2444 60 59 57 56
2445 60 59 56 55
2446 60 59 55 54
2447 60 59 54 53
2448 60 59 53 52
2449 60 59 52 51
2450 60 59 51 50
2451 60 59 50 49
2452 60 59 49 48
2453 72 70 68 66
2454 72 70 66 64
2455 72 70 64 62
2456 72 70 62 60
2457 72 70 60 58
2458 72 70 58 56
2459 72 70 56 54
2460 72 70 54 52
2461 72 70 52 50
2462 72 70 50 48
2463 49 50 51 52
2464 49 50 52 53
2465 49 50 53 54
2466 49 50 54 55
2467 49 50 55 56
2468 49 50 56 57
2469 49 50 57 58
2470 49 50 58 59
2471 49 50 59 60
2472 49 50 60 61
2473 49 51 53 55
2474 49 51 55 57
2475 49 51 57 59
2476 49 51 59 61
2477 49 51 61 63
2478 49 51 63 65
2479 49 51 65 67
2480 49 51 67 69
2481 49 51 69 71
2482 61 60 59 58
2483 61 60 58 57
2484 61 60 57 56
2485 61 60 56 55
2486 61 60 55 54
2487 61 60 54 53
2488 61 60 53 52
2489 61 60 52 51
2490 61 60 51 50
2491 61 60 50 49
2492 50 51 52 53
2493 50 51 53 54
2494 50 51 54 55
2495 50 51 55 56
2496 50 51 56 57
2497 50 51 57 58
2498 50 51 58 59
2499 50 51 59 60
2500 50 51 60 61
2501 50 51 61 62
2502 50 52 54 56
2503 50 52 56 58
2504 50 52 58 60
2505 50 52 60 62
2506 50 52 62 64
2507 50 52 64 66
2508 50 52 66 68
2509 50 52 68 70
2510 62 61 60 59
2511 62 61 59 58
2512 62 61 58 57
2513 62 61 57 56
2514 62 61 56 55
2515 62 61 55 54
2516 62 61 54 53
2517 62 61 53 52
2518 62 61 52 51
2519 62 61 51 50
2520 51 52 53 54
2521 51 52 54 55
2522 51 52 55 56
2523 51 52 56 57
2524 51 52 57 58
2525 51 52 58 59
2526 51 52 59 60
2527 51 52 60 61
2528 51 52 61 62
2529 51 52 62 63
2530 51 53 55 57
2531 51 53 57 59
2532 51 53 59 61
2533 51 53 61 63
2534 51 53 63 65
2535 51 53 65 67
2536 51 53 67 69
2537 51 53 69 71
2538 63 62 61 60
2539 63 62 60 59
2540 63 62 59 58
2541 63 62 58 57
2542 63 62 57 56
2543 63 62 56 55
2544 63 62 55 54
2545 63 62 54 53
2546 63 62 53 52
2547 63 62 52 51
2548 52 53 54 55
2549 52 53 55 56
2550 52 53 56 57
2551 52 53 57 58
2552 52 53 58 59
2553 52 53 59 60
2554 52 53 60 61
2555 52 53 61 62
2556 52 53 62 63
2557 52 53 63 64
2558 52 54 56 58
2559 52 54 58 60
2560 52 54 60 62
2561 52 54 62 64
2562 52 54 64 66
2563 52 54 66 68
2564 52 54 68 70
2565 64 63 62 61
2566 64 63 61 60
2567 64 63 60 59
2568 64 63 59 58
2569 64 63 58 57
2570 64 63 57 56
2571 64 63 56 55
2572 64 63 55 54
2573 64 63 54 53
2574 64 63 53 52
2575 53 54 55 56
2576 53 54 56 57
2577 53 54 57 58
2578 53 54 58 59
2579 53 54 59 60
2580 53 54 60 61
2581 53 54 61 62
2582 53 54 62 63
2583 53 54 63 64
2584 53 54 64 65
2585 53 55 57 59
2586 53 55 59 61
2587 53 55 61 63
2588 53 55 63 65
2589 53 55 65 67
2590 53 55 67 69
2591 53 55 69 71
2592 65 64 63 62
2593 65 64 62 61
2594 65 64 61 60
2595 65 64 60 59
2596 65 64 59 58
2597 65 64 58 57
2598 65 64 57 56
2599 65 64 56 55
2600 65 64 55 54
2601 65 64 54 53
2602 54 55 56 57
2603 54 55 57 58
2604 54 55 58 59
2605 54 55 59 60
2606 54 55 60 61
2607 54 55 61 62
2608 54 55 62 63
2609 54 55 63 64
2610 54 55 64 65
2611 54 55 65 66
2612 54 56 58 60
2613 54 56 60 62
2614 54 56 62 64
2615 54 56 64 66
2616 54 56 66 68
2617 54 56 68 70
2618 66 65 64 63
2619 66 65 63 62
2620 66 65 62 61
2621 66 65 61 60
2622 66 65 60 59
2623 66 65 59 58
2624 66 65 58 57
2625 66 65 57 56
2626 66 65 56 55
2627 66 65 55 54
2628 55 56 57 58
2629 55 56 58 59
2630 55 56 59 60
2631 55 56 60 61
2632 55 56 61 62
2633 55 56 62 63
2634 55 56 63 64
2635 55 56 64 65
2636 55 56 65 66
2637 55 56 66 67
2638 67 66 65 64
2639 67 66 64 63
2640 67 66 63 62
2641 67 66 62 61
2642 67 66 61 60
2643 67 66 60 59
2644 67 66 59 58
2645 67 66 58 57
2646 67 66 57 56
2647 67 66 56 55
2648 56 57 58 59
2649 56 57 59 60
2650 56 57 60 61
2651 56 57 61 62
2652 56 57 62 63
2653 56 57 63 64
2654 56 57 64 65
2655 56 57 65 66
2656 56 57 66 67
2657 56 57 67 68
2658 68 67 66 65
2659 68 67 65 64
2660 68 67 64 63
2661 68 67 63 62
2662 68 67 62 61
2663 68 67 61 60
2664 68 67 60 59
2665 68 67 59 58
2666 68 67 58 57
2667 68 67 57 56
2668 57 58 59 60
2669 57 58 60 61
2670 57 58 61 62
2671 57 58 62 63
2672 57 58 63 64
2673 57 58 64 65
2674 57 58 65 66
2675 57 58 66 67
2676 57 58 67 68
2677 57 58 68 69
2678 69 68 67 66
2679 69 68 66 65
2680 69 68 65 64
2681 69 68 64 63
2682 69 68 63 62
2683 69 68 62 61
2684 69 68 61 60
2685 69 68 60 59
2686 69 68 59 58
2687 69 68 58 57
2688 58 59 60 61
2689 58 59 61 62
2690 58 59 62 63
2691 58 59 63 64
2692 58 59 64 65
2693 58 59 65 66
2694 58 59 66 67
2695 58 59 67 68
2696 58 59 68 69
2697 58 59 69 70
2698 70 69 68 67
2699 70 69 67 66
2700 70 69 66 65
2701 70 69 65 64
2702 70 69 64 63
2703 70 69 63 62
2704 70 69 62 61
2705 70 69 61 60
2706 70 69 60 59
2707 70 69 59 58
2708 59 60 61 62
2709 59 60 62 63
2710 59 60 63 64
2711 59 60 64 65
2712 59 60 65 66
2713 59 60 66 67
2714 59 60 67 68
2715 59 60 68 69
2716 59 60 69 70
2717 59 60 70 71
2718 71 70 69 68
2719 71 70 68 67
2720 71 70 67 66
2721 71 70 66 65
2722 71 70 65 64
2723 71 70 64 63
2724 71 70 63 62
2725 71 70 62 61
2726 71 70 61 60
2727 71 70 60 59
2728 60 61 62 63
2729 60 61 63 64
2730 60 61 64 65
2731 60 61 65 66
2732 60 61 66 67
2733 60 61 67 68
2734 60 61 68 69
2735 60 61 69 70
2736 60 61 70 71
2737 72 71 70 69
2738 72 71 69 68
2739 72 71 68 67
2740 72 71 67 66
2741 72 71 66 65
2742 72 71 65 64
2743 72 71 64 63
2744 72 71 63 62
2745 72 71 62 61
2746 72 71 61 60
2747 61 62 63 64
2748 61 62 64 65
2749 61 62 65 66
2750 61 62 66 67
2751 61 62 67 68
2752 61 62 68 69
2753 61 62 69 70
2754 61 62 70 71
2755 62 63 64 65
2756 62 63 65 66
2757 62 63 66 67
2758 62 63 67 68
2759 62 63 68 69
2760 62 63 69 70
2761 62 63 70 71
2762 63 64 65 66
2763 63 64 66 67
2764 63 64 67 68
2765 63 64 68 69
2766 63 64 69 70
2767 63 64 70 71
