#	X	Y	Z
1	0	0	0
2	1	0	0
3	2	0	0
4	3	0	0
5	4	0	0
6	5	0	0
7	6	0	0
8	7	0	0
9	8	0	0
10	9	0	0
11	10	0	0
12	11	0	0
13	12	0	0
14	13	0	0
15	14	0	0
16	15	0	0
17	16	0	0
18	17	0	0
19	18	0	0
20	19	0	0
21	20	0	0
22	21	0	0
23	22	0	0
24	23	0	0
25	24	0	0
26	25	0	0
27	26	0	0
28	27	0	0
29	28	0	0
30	29	0	0
31	30	0	0
32	31	0	0
33	32	0	0
34	33	0	0
35	34	0	0
36	35	0	0
37	36	0	0
38	37	0	0
39	38	0	0
40	39	0	0
41	40	0	0
42	41	0	0
43	42	0	0
44	43	0	0
45	44	0	0
46	45	0	0
47	46	0	0
48	47	0	0
49	48	0	0
50	49	0	0
51	50	0	0
52	51	0	0
53	52	0	0
54	53	0	0
55	54	0	0
56	55	0	0
57	56	0	0
58	57	0	0
59	58	0	0
60	59	0	0
61	60	0	0
62	61	0	0
63	62	0	0
64	63	0	0
65	64	0	0
66	65	0	0
67	66	0	0
68	67	0	0
69	68	0	0
70	69	0	0
71	70	0	0
72	71	0	0
#	A	B	M	N
1	1	2	3	4
2	1	2	4	5
3	1	2	5	6
4	1	2	6	7
5	1	2	7	8
6	1	2	8	9
7	1	2	9	10
8	1	2	10	11
9	1	2	11	12
10	1	2	12	13
11	1	3	5	7
12	1	3	7	9
13	1	3	9	11
14	1	3	11	13
15	1	3	13	15
16	1	3	15	17
17	1	3	17	19
18	1	3	19	21
19	1	3	21	23
20	1	3	23	25
21	1	4	7	10
22	1	4	10	13
23	1	4	13	16
24	1	4	16	19
25	1	4	19	22
26	1	4	22	25
27	1	4	25	28
28	1	4	28	31
29	1	4	31	34
30	1	4	34	37
31	1	5	9	13
32	1	5	13	17
33	1	5	17	21
34	1	5	21	25
35	1	5	25	29
36	1	5	29	33
37	1	5	33	37
38	1	5	37	41
39	1	5	41	45
40	1	5	45	49
41	1	6	11	16
42	1	6	16	21
43	1	6	21	26
44	1	6	26	31
45	1	6	31	36
46	1	6	36	41
47	1	6	41	46
48	1	6	46	51
49	1	6	51	56
50	1	6	56	61
51	1	7	13	19
52	1	7	19	25
53	1	7	25	31
54	1	7	31	37
55	1	7	37	43
56	1	7	43	49
57	1	7	49	55
58	1	7	55	61
59	1	7	61	67
60	1	8	15	22
61	1	8	22	29
62	1	8	29	36
63	1	8	36	43
64	1	8	43	50
65	1	8	50	57
66	1	8	57	64
67	1	8	64	71
68	2	6	10	14
69	2	6	14	18
70	2	6	18	22
71	2	6	22	26
72	2	6	26	30
73	2	6	30	34
74	2	6	34	38
75	2	6	38	42
76	2	6	42	46
77	2	6	46	50
78	2	7	12	17
79	2	7	17	22
80	2	7	22	27
81	2	7	27	32
82	2	7	32	37
83	2	7	37	42
84	2	7	42	47
85	2	7	47	52
86	2	7	52	57
87	2	7	57	62
88	2	8	14	20
89	2	8	20	26
90	2	8	26	32
91	2	8	32	38
92	2	8	38	44
93	2	8	44	50
94	2	8	50	56
95	2	8	56	62
96	2	8	62	68
97	49	45	41	37
98	49	45	37	33
99	49	45	33	29
100	49	45	29	25
101	49	45	25	21
102	49	45	21	17
103	49	45	17	13
104	49	45	13	9
105	49	45	9	5
106	49	45	5	1
107	45	41	37	33
108	45	41	33	29
109	45	41	29	25
110	45	41	25	21
111	45	41	21	17
112	45	41	17	13
113	45	41	13	9
114	45	41	9	5
115	45	41	5	1
116	25	23	21	19
117	25	23	19	17
118	25	23	17	15
119	25	23	15	13
120	25	23	13	11
121	25	23	11	9
122	25	23	9	7
123	25	23	7	5
124	25	23	5	3
125	25	23	3	1
126	13	12	11	10
127	13	12	10	9
128	13	12	9	8
129	13	12	8	7
130	13	12	7	6
131	13	12	6	5
132	13	12	5	4
133	13	12	4	3
134	13	12	3	2
135	13	12	2	1
136	12	11	10	9
137	12	11	9	8
138	12	11	8	7
139	12	11	7	6
140	12	11	6	5
141	12	11	5	4
142	12	11	4	3
143	12	11	3	2
144	12	11	2	1
145	11	10	9	8
146	11	10	8	7
147	11	10	7	6
148	11	10	6	5
149	11	10	5	4
150	11	10	4	3
151	11	10	3	2
152	11	10	2	1
153	10	9	8	7
154	10	9	7	6
155	10	9	6	5
156	10	9	5	4
157	10	9	4	3
158	10	9	3	2
159	10	9	2	1
160	67	61	55	49
161	67	61	49	43
162	67	61	43	37
163	67	61	37	31
164	67	61	31	25
165	67	61	25	19
166	67	61	19	13
167	67	61	13	7
168	67	61	7	1
169	61	55	49	43
170	61	55	43	37
171	61	55	37	31
172	61	55	31	25
173	61	55	25	19
174	61	55	19	13
175	61	55	13	7
176	61	55	7	1
177	61	56	51	46
178	61	56	46	41
179	61	56	41	36
180	61	56	36	31
181	61	56	31	26
182	61	56	26	21
183	61	56	21	16
184	61	56	16	11
185	61	56	11	6
186	61	56	6	1
187	23	21	19	17
188	23	21	17	15
189	23	21	15	13
190	23	21	13	11
191	23	21	11	9
192	23	21	9	7
193	23	21	7	5
194	23	21	5	3
195	23	21	3	1
196	21	19	17	15
197	21	19	15	13
198	21	19	13	11
199	21	19	11	9
200	21	19	9	7
201	21	19	7	5
202	21	19	5	3
203	21	19	3	1
204	19	17	15	13
205	19	17	13	11
206	19	17	11	9
207	19	17	9	7
208	19	17	7	5
209	19	17	5	3
210	19	17	3	1
211	71	64	57	50
212	71	64	50	43
213	71	64	43	36
214	71	64	36	29
215	71	64	29	22
216	71	64	22	15
217	71	64	15	8
218	71	64	8	1
219	64	57	50	43
220	64	57	43	36
221	64	57	36	29
222	64	57	29	22
223	64	57	22	15
224	64	57	15	8
225	64	57	8	1
226	56	51	46	41
227	56	51	41	36
228	56	51	36	31
229	56	51	31	26
230	56	51	26	21
231	56	51	21	16
232	56	51	16	11
233	56	51	11	6
234	56	51	6	1
235	37	34	31	28
236	37	34	28	25
237	37	34	25	22
238	37	34	22	19
239	37	34	19	16
240	37	34	16	13
241	37	34	13	10
242	37	34	10	7
243	37	34	7	4
244	37	34	4	1
245	34	31	28	25
246	34	31	25	22
247	34	31	22	19
248	34	31	19	16
249	34	31	16	13
250	34	31	13	10
251	34	31	10	7
252	34	31	7	4
253	34	31	4	1
254	31	28	25	22
255	31	28	22	19
256	31	28	19	16
257	31	28	16	13
258	31	28	13	10
259	31	28	10	7
260	31	28	7	4
261	31	28	4	1
262	28	25	22	19
263	28	25	19	16
264	28	25	16	13
265	28	25	13	10
266	28	25	10	7
267	28	25	7	4
268	28	25	4	1
269	2	3	4	5
270	2	3	5	6
271	2	3	6	7
272	2	3	7	8
273	2	3	8	9
274	2	3	9	10
275	2	3	10	11
276	2	3	11	12
277	2	3	12	13
278	2	3	13	14
279	2	4	6	8
280	2	4	8	10
281	2	4	10	12
282	2	4	12	14
283	2	4	14	16
284	2	4	16	18
285	2	4	18	20
286	2	4	20	22
287	2	4	22	24
288	2	4	24	26
289	51	46	41	36
290	51	46	36	31
291	51	46	31	26
292	51	46	26	21
293	51	46	21	16
294	51	46	16	11
295	51	46	11	6
296	51	46	6	1
297	41	37	33	29
298	41	37	29	25
299	41	37	25	21
300	41	37	21	17
301	41	37	17	13
302	41	37	13	9
303	41	37	9	5
304	41	37	5	1
305	37	33	29	25
306	37	33	25	21
307	37	33	21	17
308	37	33	17	13
309	37	33	13	9
310	37	33	9	5
311	37	33	5	1
312	46	41	36	31
313	46	41	31	26
314	46	41	26	21
315	46	41	21	16
316	46	41	16	11
317	46	41	11	6
318	46	41	6	1
319	2	5	8	11
320	2	5	11	14
321	2	5	14	17
322	2	5	17	20
323	2	5	20	23
324	2	5	23	26
325	2	5	26	29
326	2	5	29	32
327	2	5	32	35
328	2	5	35	38
329	3	5	7	9
330	3	5	9	11
331	3	5	11	13
332	3	5	13	15
333	3	5	15	17
334	3	5	17	19
335	3	5	19	21
336	3	5	21	23
337	3	5	23	25
338	3	5	25	27
339	55	49	43	37
340	55	49	37	31
341	55	49	31	25
342	55	49	25	19
343	55	49	19	13
344	55	49	13	7
345	55	49	7	1
346	2	9	16	23
347	2	9	23	30
348	2	9	30	37
349	2	9	37	44
350	2	9	44	51
351	2	9	51	58
352	2	9	58	65
353	2	9	65	72
354	3	7	11	15
355	3	7	15	19
356	3	7	19	23
357	3	7	23	27
358	3	7	27	31
359	3	7	31	35
360	3	7	35	39
361	3	7	39	43
362	3	7	43	47
363	3	7	47	51
364	3	8	13	18
365	3	8	18	23
366	3	8	23	28
367	3	8	28	33
368	3	8	33	38
369	3	8	38	43
370	3	8	43	48
371	3	8	48	53
372	3	8	53	58
373	3	8	58	63
374	3	9	15	21
375	3	9	21	27
376	3	9	27	33
377	3	9	33	39
378	3	9	39	45
379	3	9	45	51
380	3	9	51	57
381	3	9	57	63
382	3	9	63	69
383	50	46	42	38
384	50	46	38	34
385	50	46	34	30
386	50	46	30	26
387	50	46	26	22
388	50	46	22	18
389	50	46	18	14
390	50	46	14	10
391	50	46	10	6
392	50	46	6	2
393	46	42	38	34
394	46	42	34	30
395	46	42	30	26
396	46	42	26	22
397	46	42	22	18
398	46	42	18	14
399	46	42	14	10
400	46	42	10	6
401	46	42	6	2
402	26	24	22	20
403	26	24	20	18
404	26	24	18	16
405	26	24	16	14
406	26	24	14	12
407	26	24	12	10
408	26	24	10	8
409	26	24	8	6
410	26	24	6	4
411	26	24	4	2
412	14	13	12	11
413	14	13	11	10
414	14	13	10	9
415	14	13	9	8
416	14	13	8	7
417	14	13	7	6
418	14	13	6	5
419	14	13	5	4
420	14	13	4	3
421	14	13	3	2
422	47	42	37	32
423	47	42	32	27
424	47	42	27	22
425	47	42	22	17
426	47	42	17	12
427	47	42	12	7
428	47	42	7	2
429	72	65	58	51
430	72	65	51	44
431	72	65	44	37
432	72	65	37	30
433	72	65	30	23
434	72	65	23	16
435	72	65	16	9
436	72	65	9	2
437	65	58	51	44
438	65	58	44	37
439	65	58	37	30
440	65	58	30	23
441	65	58	23	16
442	65	58	16	9
443	65	58	9	2
444	24	22	20	18
445	24	22	18	16
446	24	22	16	14
447	24	22	14	12
448	24	22	12	10
449	24	22	10	8
450	24	22	8	6
451	24	22	6	4
452	24	22	4	2
453	22	20	18	16
454	22	20	16	14
455	22	20	14	12
456	22	20	12	10
457	22	20	10	8
458	22	20	8	6
459	22	20	6	4
460	22	20	4	2
461	20	18	16	14
462	20	18	14	12
463	20	18	12	10
464	20	18	10	8
465	20	18	8	6
466	20	18	6	4
467	20	18	4	2
468	3	4	5	6
469	3	4	6	7
470	3	4	7	8
471	3	4	8	9
472	3	4	9	10
473	3	4	10	11
474	3	4	11	12
475	3	4	12	13
476	3	4	13	14
477	3	4	14	15
478	3	10	17	24
479	3	10	24	31
480	3	10	31	38
481	3	10	38	45
482	3	10	45	52
483	3	10	52	59
484	3	10	59	66
485	62	57	52	47
486	62	57	47	42
487	62	57	42	37
488	62	57	37	32
489	62	57	32	27
490	62	57	27	22
491	62	57	22	17
492	62	57	17	12
493	62	57	12	7
494	62	57	7	2
495	38	35	32	29
496	38	35	29	26
497	38	35	26	23
498	38	35	23	20
499	38	35	20	17
500	38	35	17	14
501	38	35	14	11
502	38	35	11	8
503	38	35	8	5
504	38	35	5	2
505	35	32	29	26
506	35	32	26	23
507	35	32	23	20
508	35	32	20	17
509	35	32	17	14
510	35	32	14	11
511	35	32	11	8
512	35	32	8	5
513	35	32	5	2
514	32	29	26	23
515	32	29	23	20
516	32	29	20	17
517	32	29	17	14
518	32	29	14	11
519	32	29	11	8
520	32	29	8	5
521	32	29	5	2
522	29	26	23	20
523	29	26	20	17
524	29	26	17	14
525	29	26	14	11
526	29	26	11	8
527	29	26	8	5
528	29	26	5	2
529	3	6	9	12
530	3	6	12	15
531	3	6	15	18
532	3	6	18	21
533	3	6	21	24
534	3	6	24	27
535	3	6	27	30
536	3	6	30	33
537	3	6	33	36
538	3	6	36	39
539	4	7	10	13
540	4	7	13	16
541	4	7	16	19
542	4	7	19	22
543	4	7	22	25
544	4	7	25	28
545	4	7	28	31
546	4	7	31	34
547	4	7	34	37
548	4	7	37	40
549	4	8	12	16
550	4	8	16	20
551	4	8	20	24
552	4	8	24	28
553	4	8	28	32
554	4	8	32	36
555	4	8	36	40
556	4	8	40	44
557	4	8	44	48
558	4	8	48	52
559	4	9	14	19
560	4	9	19	24
561	4	9	24	29
562	4	9	29	34
563	4	9	34	39
564	4	9	39	44
565	4	9	44	49
566	4	9	49	54
567	4	9	54	59
568	4	9	59	64
569	42	38	34	30
570	42	38	30	26
571	42	38	26	22
572	42	38	22	18
573	42	38	18	14
574	42	38	14	10
575	42	38	10	6
576	42	38	6	2
577	38	34	30	26
578	38	34	26	22
579	38	34	22	18
580	38	34	18	14
581	38	34	14	10
582	38	34	10	6
583	38	34	6	2
584	51	47	43	39
585	51	47	39	35
586	51	47	35	31
587	51	47	31	27
588	51	47	27	23
589	51	47	23	19
590	51	47	19	15
591	51	47	15	11
592	51	47	11	7
593	51	47	7	3
594	15	14	13	12
595	15	14	12	11
596	15	14	11	10
597	15	14	10	9
598	15	14	9	8
599	15	14	8	7
600	15	14	7	6
601	15	14	6	5
602	15	14	5	4
603	15	14	4	3
604	52	47	42	37
605	52	47	37	32
606	52	47	32	27
607	52	47	27	22
608	52	47	22	17
609	52	47	17	12
610	52	47	12	7
611	52	47	7	2
612	63	58	53	48
613	63	58	48	43
614	63	58	43	38
615	63	58	38	33
616	63	58	33	28
617	63	58	28	23
618	63	58	23	18
619	63	58	18	13
620	63	58	13	8
621	63	58	8	3
622	58	53	48	43
623	58	53	43	38
624	58	53	38	33
625	58	53	33	28
626	58	53	28	23
627	58	53	23	18
628	58	53	18	13
629	58	53	13	8
630	58	53	8	3
631	68	62	56	50
632	68	62	50	44
633	68	62	44	38
634	68	62	38	32
635	68	62	32	26
636	68	62	26	20
637	68	62	20	14
638	68	62	14	8
639	68	62	8	2
640	57	52	47	42
641	57	52	42	37
642	57	52	37	32
643	57	52	32	27
644	57	52	27	22
645	57	52	22	17
646	57	52	17	12
647	57	52	12	7
648	57	52	7	2
649	62	56	50	44
650	62	56	44	38
651	62	56	38	32
652	62	56	32	26
653	62	56	26	20
654	62	56	20	14
655	62	56	14	8
656	62	56	8	2
657	56	50	44	38
658	56	50	38	32
659	56	50	32	26
660	56	50	26	20
661	56	50	20	14
662	56	50	14	8
663	56	50	8	2
664	27	25	23	21
665	27	25	21	19
666	27	25	19	17
667	27	25	17	15
668	27	25	15	13
669	27	25	13	11
670	27	25	11	9
671	27	25	9	7
672	27	25	7	5
673	27	25	5	3
674	30	27	24	21
675	30	27	21	18
676	30	27	18	15
677	30	27	15	12
678	30	27	12	9
679	30	27	9	6
680	30	27	6	3
681	53	48	43	38
682	53	48	38	33
683	53	48	33	28
684	53	48	28	23
685	53	48	23	18
686	53	48	18	13
687	53	48	13	8
688	53	48	8	3
689	48	43	38	33
690	48	43	33	28
691	48	43	28	23
692	48	43	23	18
693	48	43	18	13
694	48	43	13	8
695	48	43	8	3
696	66	59	52	45
697	66	59	45	38
698	66	59	38	31
699	66	59	31	24
700	66	59	24	17
701	66	59	17	10
702	66	59	10	3
703	39	36	33	30
704	39	36	30	27
705	39	36	27	24
706	39	36	24	21
707	39	36	21	18
708	39	36	18	15
709	39	36	15	12
710	39	36	12	9
711	39	36	9	6
712	39	36	6	3
713	36	33	30	27
714	36	33	27	24
715	36	33	24	21
716	36	33	21	18
717	36	33	18	15
718	36	33	15	12
719	36	33	12	9
720	36	33	9	6
721	36	33	6	3
722	33	30	27	24
723	33	30	24	21
724	33	30	21	18
725	33	30	18	15
726	33	30	15	12
727	33	30	12	9
728	33	30	9	6
729	33	30	6	3
730	43	39	35	31
731	43	39	31	27
732	43	39	27	23
733	43	39	23	19
734	43	39	19	15
735	43	39	15	11
736	43	39	11	7
737	43	39	7	3
738	39	35	31	27
739	39	35	27	23
740	39	35	23	19
741	39	35	19	15
742	39	35	15	11
743	39	35	11	7
744	39	35	7	3
745	4	5	6	7
746	4	5	7	8
747	4	5	8	9
748	4	5	9	10
749	4	5	10	11
750	4	5	11	12
751	4	5	12	13
752	4	5	13	14
753	4	5	14	15
754	4	5	15	16
755	4	6	8	10
756	4	6	10	12
757	4	6	12	14
758	4	6	14	16
759	4	6	16	18
760	4	6	18	20
761	4	6	20	22
762	4	6	22	24
763	4	6	24	26
764	4	6	26	28
765	4	10	16	22
766	4	10	22	28
767	4	10	28	34
768	4	10	34	40
769	4	10	40	46
770	4	10	46	52
771	4	10	52	58
772	4	10	58	64
773	4	10	64	70
774	47	43	39	35
775	47	43	35	31
776	47	43	31	27
777	47	43	27	23
778	47	43	23	19
779	47	43	19	15
780	47	43	15	11
781	47	43	11	7
782	47	43	7	3
783	69	63	57	51
784	69	63	51	45
785	69	63	45	39
786	69	63	39	33
787	69	63	33	27
788	69	63	27	21
789	69	63	21	15
790	69	63	15	9
791	69	63	9	3
792	63	57	51	45
793	63	57	45	39
794	63	57	39	33
795	63	57	33	27
796	63	57	27	21
797	63	57	21	15
798	63	57	15	9
799	63	57	9	3
800	57	51	45	39
801	57	51	39	33
802	57	51	33	27
803	57	51	27	21
804	57	51	21	15
805	57	51	15	9
806	57	51	9	3
807	4	11	18	25
808	4	11	25	32
809	4	11	32	39
810	4	11	39	46
811	4	11	46	53
812	4	11	53	60
813	4	11	60	67
814	5	9	13	17
815	5	9	17	21
816	5	9	21	25
817	5	9	25	29
818	5	9	29	33
819	5	9	33	37
820	5	9	37	41
821	5	9	41	45
822	5	9	45	49
823	5	9	49	53
824	5	10	15	20
825	5	10	20	25
826	5	10	25	30
827	5	10	30	35
828	5	10	35	40
829	5	10	40	45
830	5	10	45	50
831	5	10	50	55
832	5	10	55	60
833	5	10	60	65
834	5	11	17	23
835	5	11	23	29
836	5	11	29	35
837	5	11	35	41
838	5	11	41	47
839	5	11	47	53
840	5	11	53	59
841	5	11	59	65
842	5	11	65	71
843	52	48	44	40
844	52	48	40	36
845	52	48	36	32
846	52	48	32	28
847	52	48	28	24
848	52	48	24	20
849	52	48	20	16
850	52	48	16	12
851	52	48	12	8
852	52	48	8	4
853	48	44	40	36
854	48	44	36	32
855	48	44	32	28
856	48	44	28	24
857	48	44	24	20
858	48	44	20	16
859	48	44	16	12
860	48	44	12	8
861	48	44	8	4
862	28	26	24	22
863	28	26	22	20
864	28	26	20	18
865	28	26	18	16
866	28	26	16	14
867	28	26	14	12
868	28	26	12	10
869	28	26	10	8
870	28	26	8	6
871	28	26	6	4
872	16	15	14	13
873	16	15	13	12
874	16	15	12	11
875	16	15	11	10
876	16	15	10	9
877	16	15	9	8
878	16	15	8	7
879	16	15	7	6
880	16	15	6	5
881	16	15	5	4
882	49	44	39	34
883	49	44	34	29
884	49	44	29	24
885	49	44	24	19
886	49	44	19	14
887	49	44	14	9
888	49	44	9	4
889	67	60	53	46
890	67	60	46	39
891	67	60	39	32
892	67	60	32	25
893	67	60	25	18
894	67	60	18	11
895	67	60	11	4
896	5	8	11	14
897	5	8	14	17
898	5	8	17	20
899	5	8	20	23
900	5	8	23	26
901	5	8	26	29
902	5	8	29	32
903	5	8	32	35
904	5	8	35	38
905	5	8	38	41
906	40	37	34	31
907	40	37	31	28
908	40	37	28	25
909	40	37	25	22
910	40	37	22	19
911	40	37	19	16
912	40	37	16	13
913	40	37	13	10
914	40	37	10	7
915	40	37	7	4
916	64	59	54	49
917	64	59	49	44
918	64	59	44	39
919	64	59	39	34
920	64	59	34	29
921	64	59	29	24
922	64	59	24	19
923	64	59	19	14
924	64	59	14	9
925	64	59	9	4
926	59	54	49	44
927	59	54	44	39
928	59	54	39	34
929	59	54	34	29
930	59	54	29	24
931	59	54	24	19
932	59	54	19	14
933	59	54	14	9
934	59	54	9	4
935	44	40	36	32
936	44	40	32	28
937	44	40	28	24
938	44	40	24	20
939	44	40	20	16
940	44	40	16	12
941	44	40	12	8
942	44	40	8	4
943	40	36	32	28
944	40	36	28	24
945	40	36	24	20
946	40	36	20	16
947	40	36	16	12
948	40	36	12	8
949	40	36	8	4
950	5	6	7	8
951	5	6	8	9
952	5	6	9	10
953	5	6	10	11
954	5	6	11	12
955	5	6	12	13
956	5	6	13	14
957	5	6	14	15
958	5	6	15	16
959	5	6	16	17
960	5	7	9	11
961	5	7	11	13
962	5	7	13	15
963	5	7	15	17
964	5	7	17	19
965	5	7	19	21
966	5	7	21	23
967	5	7	23	25
968	5	7	25	27
969	5	7	27	29
970	54	49	44	39
971	54	49	39	34
972	54	49	34	29
973	54	49	29	24
974	54	49	24	19
975	54	49	19	14
976	54	49	14	9
977	54	49	9	4
978	70	64	58	52
979	70	64	52	46
980	70	64	46	40
981	70	64	40	34
982	70	64	34	28
983	70	64	28	22
984	70	64	22	16
985	70	64	16	10
986	70	64	10	4
987	64	58	52	46
988	64	58	46	40
989	64	58	40	34
990	64	58	34	28
991	64	58	28	22
992	64	58	22	16
993	64	58	16	10
994	64	58	10	4
995	58	52	46	40
996	58	52	40	34
997	58	52	34	28
998	58	52	28	22
999	58	52	22	16
1000	58	52	16	10
1001	58	52	10	4
1002	5	12	19	26
1003	5	12	26	33
1004	5	12	33	40
1005	5	12	40	47
1006	5	12	47	54
1007	5	12	54	61
1008	5	12	61	68
1009	6	10	14	18
1010	6	10	18	22
1011	6	10	22	26
1012	6	10	26	30
1013	6	10	30	34
1014	6	10	34	38
1015	6	10	38	42
1016	6	10	42	46
1017	6	10	46	50
1018	6	10	50	54
1019	6	11	16	21
1020	6	11	21	26
1021	6	11	26	31
1022	6	11	31	36
1023	6	11	36	41
1024	6	11	41	46
1025	6	11	46	51
1026	6	11	51	56
1027	6	11	56	61
1028	6	11	61	66
1029	6	12	18	24
1030	6	12	24	30
1031	6	12	30	36
1032	6	12	36	42
1033	6	12	42	48
1034	6	12	48	54
1035	6	12	54	60
1036	6	12	60	66
1037	6	12	66	72
1038	53	49	45	41
1039	53	49	41	37
1040	53	49	37	33
1041	53	49	33	29
1042	53	49	29	25
1043	53	49	25	21
1044	53	49	21	17
1045	53	49	17	13
1046	53	49	13	9
1047	53	49	9	5
1048	65	60	55	50
1049	65	60	50	45
1050	65	60	45	40
1051	65	60	40	35
1052	65	60	35	30
1053	65	60	30	25
1054	65	60	25	20
1055	65	60	20	15
1056	65	60	15	10
1057	65	60	10	5
1058	29	27	25	23
1059	29	27	23	21
1060	29	27	21	19
1061	29	27	19	17
1062	29	27	17	15
1063	29	27	15	13
1064	29	27	13	11
1065	29	27	11	9
1066	29	27	9	7
1067	29	27	7	5
1068	17	16	15	14
1069	17	16	14	13
1070	17	16	13	12
1071	17	16	12	11
1072	17	16	11	10
1073	17	16	10	9
1074	17	16	9	8
1075	17	16	8	7
1076	17	16	7	6
1077	17	16	6	5
1078	60	55	50	45
1079	60	55	45	40
1080	60	55	40	35
1081	60	55	35	30
1082	60	55	30	25
1083	60	55	25	20
1084	60	55	20	15
1085	60	55	15	10
1086	60	55	10	5
1087	55	50	45	40
1088	55	50	40	35
1089	55	50	35	30
1090	55	50	30	25
1091	55	50	25	20
1092	55	50	20	15
1093	55	50	15	10
1094	55	50	10	5
1095	50	45	40	35
1096	50	45	35	30
1097	50	45	30	25
1098	50	45	25	20
1099	50	45	20	15
1100	50	45	15	10
1101	50	45	10	5
1102	41	38	35	32
1103	41	38	32	29
1104	41	38	29	26
1105	41	38	26	23
1106	41	38	23	20
1107	41	38	20	17
1108	41	38	17	14
1109	41	38	14	11
1110	41	38	11	8
1111	41	38	8	5
1112	68	61	54	47
1113	68	61	47	40
1114	68	61	40	33
1115	68	61	33	26
1116	68	61	26	19
1117	68	61	19	12
1118	68	61	12	5
1119	6	7	8	9
1120	6	7	9	10
1121	6	7	10	11
1122	6	7	11	12
1123	6	7	12	13
1124	6	7	13	14
1125	6	7	14	15
1126	6	7	15	16
1127	6	7	16	17
1128	6	7	17	18
1129	6	8	10	12
1130	6	8	12	14
1131	6	8	14	16
1132	6	8	16	18
1133	6	8	18	20
1134	6	8	20	22
1135	6	8	22	24
1136	6	8	24	26
1137	6	8	26	28
1138	6	8	28	30
1139	71	65	59	53
1140	71	65	53	47
1141	71	65	47	41
1142	71	65	41	35
1143	71	65	35	29
1144	71	65	29	23
1145	71	65	23	17
1146	71	65	17	11
1147	71	65	11	5
1148	65	59	53	47
1149	65	59	47	41
1150	65	59	41	35
1151	65	59	35	29
1152	65	59	29	23
1153	65	59	23	17
1154	65	59	17	11
1155	65	59	11	5
1156	59	53	47	41
1157	59	53	41	35
1158	59	53	35	29
1159	59	53	29	23
1160	59	53	23	17
1161	59	53	17	11
1162	59	53	11	5
1163	6	9	12	15
1164	6	9	15	18
1165	6	9	18	21
1166	6	9	21	24
1167	6	9	24	27
1168	6	9	27	30
1169	6	9	30	33
1170	6	9	33	36
1171	6	9	36	39
1172	6	9	39	42
1173	6	13	20	27
1174	6	13	27	34
1175	6	13	34	41
1176	6	13	41	48
1177	6	13	48	55
1178	6	13	55	62
1179	6	13	62	69
1180	7	11	15	19
1181	7	11	19	23
1182	7	11	23	27
1183	7	11	27	31
1184	7	11	31	35
1185	7	11	35	39
1186	7	11	39	43
1187	7	11	43	47
1188	7	11	47	51
1189	7	11	51	55
1190	7	12	17	22
1191	7	12	22	27
1192	7	12	27	32
1193	7	12	32	37
1194	7	12	37	42
1195	7	12	42	47
1196	7	12	47	52
1197	7	12	52	57
1198	7	12	57	62
1199	7	12	62	67
1200	7	13	19	25
1201	7	13	25	31
1202	7	13	31	37
1203	7	13	37	43
1204	7	13	43	49
1205	7	13	49	55
1206	7	13	55	61
1207	7	13	61	67
1208	54	50	46	42
1209	54	50	42	38
1210	54	50	38	34
1211	54	50	34	30
1212	54	50	30	26
1213	54	50	26	22
1214	54	50	22	18
1215	54	50	18	14
1216	54	50	14	10
1217	54	50	10	6
1218	66	61	56	51
1219	66	61	51	46
1220	66	61	46	41
1221	66	61	41	36
1222	66	61	36	31
1223	66	61	31	26
1224	66	61	26	21
1225	66	61	21	16
1226	66	61	16	11
1227	66	61	11	6
1228	30	28	26	24
1229	30	28	24	22
1230	30	28	22	20
1231	30	28	20	18
1232	30	28	18	16
1233	30	28	16	14
1234	30	28	14	12
1235	30	28	12	10
1236	30	28	10	8
1237	30	28	8	6
1238	18	17	16	15
1239	18	17	15	14
1240	18	17	14	13
1241	18	17	13	12
1242	18	17	12	11
1243	18	17	11	10
1244	18	17	10	9
1245	18	17	9	8
1246	18	17	8	7
1247	18	17	7	6
1248	69	62	55	48
1249	69	62	48	41
1250	69	62	41	34
1251	69	62	34	27
1252	69	62	27	20
1253	69	62	20	13
1254	69	62	13	6
1255	55	51	47	43
1256	55	51	43	39
1257	55	51	39	35
1258	55	51	35	31
1259	55	51	31	27
1260	55	51	27	23
1261	55	51	23	19
1262	55	51	19	15
1263	55	51	15	11
1264	55	51	11	7
1265	7	10	13	16
1266	7	10	16	19
1267	7	10	19	22
1268	7	10	22	25
1269	7	10	25	28
1270	7	10	28	31
1271	7	10	31	34
1272	7	10	34	37
1273	7	10	37	40
1274	7	10	40	43
1275	42	39	36	33
1276	42	39	33	30
1277	42	39	30	27
1278	42	39	27	24
1279	42	39	24	21
1280	42	39	21	18
1281	42	39	18	15
1282	42	39	15	12
1283	42	39	12	9
1284	42	39	9	6
1285	7	9	11	13
1286	7	9	13	15
1287	7	9	15	17
1288	7	9	17	19
1289	7	9	19	21
1290	7	9	21	23
1291	7	9	23	25
1292	7	9	25	27
1293	7	9	27	29
1294	7	9	29	31
1295	8	10	12	14
1296	8	10	14	16
1297	8	10	16	18
1298	8	10	18	20
1299	8	10	20	22
1300	8	10	22	24
1301	8	10	24	26
1302	8	10	26	28
1303	8	10	28	30
1304	8	10	30	32
1305	8	11	14	17
1306	8	11	17	20
1307	8	11	20	23
1308	8	11	23	26
1309	8	11	26	29
1310	8	11	29	32
1311	8	11	32	35
1312	8	11	35	38
1313	8	11	38	41
1314	8	11	41	44
1315	72	66	60	54
1316	72	66	54	48
1317	72	66	48	42
1318	72	66	42	36
1319	72	66	36	30
1320	72	66	30	24
1321	72	66	24	18
1322	72	66	18	12
1323	72	66	12	6
1324	66	60	54	48
1325	66	60	48	42
1326	66	60	42	36
1327	66	60	36	30
1328	66	60	30	24
1329	66	60	24	18
1330	66	60	18	12
1331	66	60	12	6
1332	60	54	48	42
1333	60	54	42	36
1334	60	54	36	30
1335	60	54	30	24
1336	60	54	24	18
1337	60	54	18	12
1338	60	54	12	6
1339	7	8	9	10
1340	7	8	10	11
1341	7	8	11	12
1342	7	8	12	13
1343	7	8	13	14
1344	7	8	14	15
1345	7	8	15	16
1346	7	8	16	17
1347	7	8	17	18
1348	7	8	18	19
1349	7	14	21	28
1350	7	14	28	35
1351	7	14	35	42
1352	7	14	42	49
1353	7	14	49	56
1354	7	14	56	63
1355	7	14	63	70
1356	8	12	16	20
1357	8	12	20	24
1358	8	12	24	28
1359	8	12	28	32
1360	8	12	32	36
1361	8	12	36	40
1362	8	12	40	44
1363	8	12	44	48
1364	8	12	48	52
1365	8	12	52	56
1366	8	13	18	23
1367	8	13	23	28
1368	8	13	28	33
1369	8	13	33	38
1370	8	13	38	43
1371	8	13	43	48
1372	8	13	48	53
1373	8	13	53	58
1374	8	13	58	63
1375	8	13	63	68
1376	8	14	20	26
1377	8	14	26	32
1378	8	14	32	38
1379	8	14	38	44
1380	8	14	44	50
1381	8	14	50	56
1382	8	14	56	62
1383	8	14	62	68
1384	8	15	22	29
1385	8	15	29	36
1386	8	15	36	43
1387	8	15	43	50
1388	8	15	50	57
1389	8	15	57	64
1390	8	15	64	71
1391	67	62	57	52
1392	67	62	52	47
1393	67	62	47	42
1394	67	62	42	37
1395	67	62	37	32
1396	67	62	32	27
1397	67	62	27	22
1398	67	62	22	17
1399	67	62	17	12
1400	67	62	12	7
1401	43	40	37	34
1402	43	40	34	31
1403	43	40	31	28
1404	43	40	28	25
1405	43	40	25	22
1406	43	40	22	19
1407	43	40	19	16
1408	43	40	16	13
1409	43	40	13	10
1410	43	40	10	7
1411	70	63	56	49
1412	70	63	49	42
1413	70	63	42	35
1414	70	63	35	28
1415	70	63	28	21
1416	70	63	21	14
1417	70	63	14	7
1418	19	18	17	16
1419	19	18	16	15
1420	19	18	15	14
1421	19	18	14	13
1422	19	18	13	12
1423	19	18	12	11
1424	19	18	11	10
1425	19	18	10	9
1426	19	18	9	8
1427	19	18	8	7
1428	44	41	38	35
1429	44	41	35	32
1430	44	41	32	29
1431	44	41	29	26
1432	44	41	26	23
1433	44	41	23	20
1434	44	41	20	17
1435	44	41	17	14
1436	44	41	14	11
1437	44	41	11	8
1438	70	65	60	55
1439	70	65	55	50
1440	70	65	50	45
1441	70	65	45	40
1442	70	65	40	35
1443	70	65	35	30
1444	70	65	30	25
1445	70	65	25	20
1446	70	65	20	15
1447	70	65	15	10
1448	9	15	21	27
1449	9	15	27	33
1450	9	15	33	39
1451	9	15	39	45
1452	9	15	45	51
1453	9	15	51	57
1454	9	15	57	63
1455	9	15	63	69
1456	32	30	28	26
1457	32	30	26	24
1458	32	30	24	22
1459	32	30	22	20
1460	32	30	20	18
1461	32	30	18	16
1462	32	30	16	14
1463	32	30	14	12
1464	32	30	12	10
1465	32	30	10	8
1466	68	63	58	53
1467	68	63	53	48
1468	68	63	48	43
1469	68	63	43	38
1470	68	63	38	33
1471	68	63	33	28
1472	68	63	28	23
1473	68	63	23	18
1474	68	63	18	13
1475	68	63	13	8
1476	9	13	17	21
1477	9	13	21	25
1478	9	13	25	29
1479	9	13	29	33
1480	9	13	33	37
1481	9	13	37	41
1482	9	13	41	45
1483	9	13	45	49
1484	9	13	49	53
1485	9	13	53	57
1486	9	14	19	24
1487	9	14	24	29
1488	9	14	29	34
1489	9	14	34	39
1490	9	14	39	44
1491	9	14	44	49
1492	9	14	49	54
1493	9	14	54	59
1494	9	14	59	64
1495	9	14	64	69
1496	56	52	48	44
1497	56	52	44	40
1498	56	52	40	36
1499	56	52	36	32
1500	56	52	32	28
1501	56	52	28	24
1502	56	52	24	20
1503	56	52	20	16
1504	56	52	16	12
1505	56	52	12	8
1506	9	12	15	18
1507	9	12	18	21
1508	9	12	21	24
1509	9	12	24	27
1510	9	12	27	30
1511	9	12	30	33
1512	9	12	33	36
1513	9	12	36	39
1514	9	12	39	42
1515	9	12	42	45
1516	9	11	13	15
1517	9	11	15	17
1518	9	11	17	19
1519	9	11	19	21
1520	9	11	21	23
1521	9	11	23	25
1522	9	11	25	27
1523	9	11	27	29
1524	9	11	29	31
1525	9	11	31	33
1526	9	16	23	30
1527	9	16	30	37
1528	9	16	37	44
1529	9	16	44	51
1530	9	16	51	58
1531	9	16	58	65
1532	9	16	65	72
1533	10	14	18	22
1534	10	14	22	26
1535	10	14	26	30
1536	10	14	30	34
1537	10	14	34	38
1538	10	14	38	42
1539	10	14	42	46
1540	10	14	46	50
1541	10	14	50	54
1542	10	14	54	58
1543	10	15	20	25
1544	10	15	25	30
1545	10	15	30	35
1546	10	15	35	40
1547	10	15	40	45
1548	10	15	45	50
1549	10	15	50	55
1550	10	15	55	60
1551	10	15	60	65
1552	10	15	65	70
1553	10	16	22	28
1554	10	16	28	34
1555	10	16	34	40
1556	10	16	40	46
1557	10	16	46	52
1558	10	16	52	58
1559	10	16	58	64
1560	10	16	64	70
1561	57	53	49	45
1562	57	53	45	41
1563	57	53	41	37
1564	57	53	37	33
1565	57	53	33	29
1566	57	53	29	25
1567	57	53	25	21
1568	57	53	21	17
1569	57	53	17	13
1570	57	53	13	9
1571	69	64	59	54
1572	69	64	54	49
1573	69	64	49	44
1574	69	64	44	39
1575	69	64	39	34
1576	69	64	34	29
1577	69	64	29	24
1578	69	64	24	19
1579	69	64	19	14
1580	69	64	14	9
1581	31	29	27	25
1582	31	29	25	23
1583	31	29	23	21
1584	31	29	21	19
1585	31	29	19	17
1586	31	29	17	15
1587	31	29	15	13
1588	31	29	13	11
1589	31	29	11	9
1590	31	29	9	7
1591	8	9	10	11
1592	8	9	11	12
1593	8	9	12	13
1594	8	9	13	14
1595	8	9	14	15
1596	8	9	15	16
1597	8	9	16	17
1598	8	9	17	18
1599	8	9	18	19
1600	8	9	19	20
1601	9	10	11	12
1602	9	10	12	13
1603	9	10	13	14
1604	9	10	14	15
1605	9	10	15	16
1606	9	10	16	17
1607	9	10	17	18
1608	9	10	18	19
1609	9	10	19	20
1610	9	10	20	21
1611	10	11	12	13
1612	10	11	13	14
1613	10	11	14	15
1614	10	11	15	16
1615	10	11	16	17
1616	10	11	17	18
1617	10	11	18	19
1618	10	11	19	20
1619	10	11	20	21
1620	10	11	21	22
1621	10	12	14	16
1622	10	12	16	18
1623	10	12	18	20
1624	10	12	20	22
1625	10	12	22	24
1626	10	12	24	26
1627	10	12	26	28
1628	10	12	28	30
1629	10	12	30	32
1630	10	12	32	34
1631	10	13	16	19
1632	10	13	19	22
1633	10	13	22	25
1634	10	13	25	28
1635	10	13	28	31
1636	10	13	31	34
1637	10	13	34	37
1638	10	13	37	40
1639	10	13	40	43
1640	10	13	43	46
1641	11	13	15	17
1642	11	13	17	19
1643	11	13	19	21
1644	11	13	21	23
1645	11	13	23	25
1646	11	13	25	27
1647	11	13	27	29
1648	11	13	29	31
1649	11	13	31	33
1650	11	13	33	35
1651	11	14	17	20
1652	11	14	20	23
1653	11	14	23	26
1654	11	14	26	29
1655	11	14	29	32
1656	11	14	32	35
1657	11	14	35	38
1658	11	14	38	41
1659	11	14	41	44
1660	11	14	44	47
1661	45	42	39	36
1662	45	42	36	33
1663	45	42	33	30
1664	45	42	30	27
1665	45	42	27	24
1666	45	42	24	21
1667	45	42	21	18
1668	45	42	18	15
1669	45	42	15	12
1670	45	42	12	9
1671	11	15	19	23
1672	11	15	23	27
1673	11	15	27	31
1674	11	15	31	35
1675	11	15	35	39
1676	11	15	39	43
1677	11	15	43	47
1678	11	15	47	51
1679	11	15	51	55
1680	11	15	55	59
1681	46	43	40	37
1682	46	43	37	34
1683	46	43	34	31
1684	46	43	31	28
1685	46	43	28	25
1686	46	43	25	22
1687	46	43	22	19
1688	46	43	19	16
1689	46	43	16	13
1690	46	43	13	10
1691	34	32	30	28
1692	34	32	28	26
1693	34	32	26	24
1694	34	32	24	22
1695	34	32	22	20
1696	34	32	20	18
1697	34	32	18	16
1698	34	32	16	14
1699	34	32	14	12
1700	34	32	12	10
1701	11	17	23	29
1702	11	17	29	35
1703	11	17	35	41
1704	11	17	41	47
1705	11	17	47	53
1706	11	17	53	59
1707	11	17	59	65
1708	11	17	65	71
1709	12	15	18	21
1710	12	15	21	24
1711	12	15	24	27
1712	12	15	27	30
1713	12	15	30	33
1714	12	15	33	36
1715	12	15	36	39
1716	12	15	39	42
1717	12	15	42	45
1718	12	15	45	48
1719	11	16	21	26
1720	11	16	26	31
1721	11	16	31	36
1722	11	16	36	41
1723	11	16	41	46
1724	11	16	46	51
1725	11	16	51	56
1726	11	16	56	61
1727	11	16	61	66
1728	11	16	66	71
1729	58	54	50	46
1730	58	54	46	42
1731	58	54	42	38
1732	58	54	38	34
1733	58	54	34	30
1734	58	54	30	26
1735	58	54	26	22
1736	58	54	22	18
1737	58	54	18	14
1738	58	54	14	10
1739	12	16	20	24
1740	12	16	24	28
1741	12	16	28	32
1742	12	16	32	36
1743	12	16	36	40
1744	12	16	40	44
1745	12	16	44	48
1746	12	16	48	52
1747	12	16	52	56
1748	12	16	56	60
1749	12	17	22	27
1750	12	17	27	32
1751	12	17	32	37
1752	12	17	37	42
1753	12	17	42	47
1754	12	17	47	52
1755	12	17	52	57
1756	12	17	57	62
1757	12	17	62	67
1758	12	17	67	72
1759	59	55	51	47
1760	59	55	47	43
1761	59	55	43	39
1762	59	55	39	35
1763	59	55	35	31
1764	59	55	31	27
1765	59	55	27	23
1766	59	55	23	19
1767	59	55	19	15
1768	59	55	15	11
1769	12	18	24	30
1770	12	18	30	36
1771	12	18	36	42
1772	12	18	42	48
1773	12	18	48	54
1774	12	18	54	60
1775	12	18	60	66
1776	12	18	66	72
1777	71	66	61	56
1778	71	66	56	51
1779	71	66	51	46
1780	71	66	46	41
1781	71	66	41	36
1782	71	66	36	31
1783	71	66	31	26
1784	71	66	26	21
1785	71	66	21	16
1786	71	66	16	11
1787	33	31	29	27
1788	33	31	27	25
1789	33	31	25	23
1790	33	31	23	21
1791	33	31	21	19
1792	33	31	19	17
1793	33	31	17	15
1794	33	31	15	13
1795	33	31	13	11
1796	33	31	11	9
1797	47	44	41	38
1798	47	44	38	35
1799	47	44	35	32
1800	47	44	32	29
1801	47	44	29	26
1802	47	44	26	23
1803	47	44	23	20
1804	47	44	20	17
1805	47	44	17	14
1806	47	44	14	11
1807	20	19	18	17
1808	20	19	17	16
1809	20	19	16	15
1810	20	19	15	14
1811	20	19	14	13
1812	20	19	13	12
1813	20	19	12	11
1814	20	19	11	10
1815	20	19	10	9
1816	20	19	9	8
1817	14	18	22	26
1818	14	18	26	30
1819	14	18	30	34
1820	14	18	34	38
1821	14	18	38	42
1822	14	18	42	46
1823	14	18	46	50
1824	14	18	50	54
1825	14	18	54	58
1826	14	18	58	62
1827	13	17	21	25
1828	13	17	25	29
1829	13	17	29	33
1830	13	17	33	37
1831	13	17	37	41
1832	13	17	41	45
1833	13	17	45	49
1834	13	17	49	53
1835	13	17	53	57
1836	13	17	57	61
1837	13	18	23	28
1838	13	18	28	33
1839	13	18	33	38
1840	13	18	38	43
1841	13	18	43	48
1842	13	18	48	53
1843	13	18	53	58
1844	13	18	58	63
1845	13	18	63	68
1846	60	56	52	48
1847	60	56	48	44
1848	60	56	44	40
1849	60	56	40	36
1850	60	56	36	32
1851	60	56	32	28
1852	60	56	28	24
1853	60	56	24	20
1854	60	56	20	16
1855	60	56	16	12
1856	13	16	19	22
1857	13	16	22	25
1858	13	16	25	28
1859	13	16	28	31
1860	13	16	31	34
1861	13	16	34	37
1862	13	16	37	40
1863	13	16	40	43
1864	13	16	43	46
1865	13	16	46	49
1866	72	67	62	57
1867	72	67	57	52
1868	72	67	52	47
1869	72	67	47	42
1870	72	67	42	37
1871	72	67	37	32
1872	72	67	32	27
1873	72	67	27	22
1874	72	67	22	17
1875	72	67	17	12
1876	48	45	42	39
1877	48	45	39	36
1878	48	45	36	33
1879	48	45	33	30
1880	48	45	30	27
1881	48	45	27	24
1882	48	45	24	21
1883	48	45	21	18
1884	48	45	18	15
1885	48	45	15	12
1886	13	15	17	19
1887	13	15	19	21
1888	13	15	21	23
1889	13	15	23	25
1890	13	15	25	27
1891	13	15	27	29
1892	13	15	29	31
1893	13	15	31	33
1894	13	15	33	35
1895	13	15	35	37
1896	12	14	16	18
1897	12	14	18	20
1898	12	14	20	22
1899	12	14	22	24
1900	12	14	24	26
1901	12	14	26	28
1902	12	14	28	30
1903	12	14	30	32
1904	12	14	32	34
1905	12	14	34	36
1906	13	19	25	31
1907	13	19	31	37
1908	13	19	37	43
1909	13	19	43	49
1910	13	19	49	55
1911	13	19	55	61
1912	13	19	61	67
1913	14	16	18	20
1914	14	16	20	22
1915	14	16	22	24
1916	14	16	24	26
1917	14	16	26	28
1918	14	16	28	30
1919	14	16	30	32
1920	14	16	32	34
1921	14	16	34	36
1922	14	16	36	38
1923	14	17	20	23
1924	14	17	23	26
1925	14	17	26	29
1926	14	17	29	32
1927	14	17	32	35
1928	14	17	35	38
1929	14	17	38	41
1930	14	17	41	44
1931	14	17	44	47
1932	14	17	47	50
1933	14	19	24	29
1934	14	19	29	34
1935	14	19	34	39
1936	14	19	39	44
1937	14	19	44	49
1938	14	19	49	54
1939	14	19	54	59
1940	14	19	59	64
1941	14	19	64	69
1942	14	20	26	32
1943	14	20	32	38
1944	14	20	38	44
1945	14	20	44	50
1946	14	20	50	56
1947	14	20	56	62
1948	14	20	62	68
1949	15	18	21	24
1950	15	18	24	27
1951	15	18	27	30
1952	15	18	30	33
1953	15	18	33	36
1954	15	18	36	39
1955	15	18	39	42
1956	15	18	42	45
1957	15	18	45	48
1958	15	18	48	51
1959	61	57	53	49
1960	61	57	49	45
1961	61	57	45	41
1962	61	57	41	37
1963	61	57	37	33
1964	61	57	33	29
1965	61	57	29	25
1966	61	57	25	21
1967	61	57	21	17
1968	61	57	17	13
1969	49	46	43	40
1970	49	46	40	37
1971	49	46	37	34
1972	49	46	34	31
1973	49	46	31	28
1974	49	46	28	25
1975	49	46	25	22
1976	49	46	22	19
1977	49	46	19	16
1978	49	46	16	13
1979	50	47	44	41
1980	50	47	41	38
1981	50	47	38	35
1982	50	47	35	32
1983	50	47	32	29
1984	50	47	29	26
1985	50	47	26	23
1986	50	47	23	20
1987	50	47	20	17
1988	50	47	17	14
1989	21	20	19	18
1990	21	20	18	17
1991	21	20	17	16
1992	21	20	16	15
1993	21	20	15	14
1994	21	20	14	13
1995	21	20	13	12
1996	21	20	12	11
1997	21	20	11	10
1998	21	20	10	9
1999	15	21	27	33
2000	15	21	33	39
2001	15	21	39	45
2002	15	21	45	51
2003	15	21	51	57
2004	15	21	57	63
2005	15	21	63	69
2006	16	19	22	25
2007	16	19	25	28
2008	16	19	28	31
2009	16	19	31	34
2010	16	19	34	37
2011	16	19	37	40
2012	16	19	40	43
2013	16	19	43	46
2014	16	19	46	49
2015	16	19	49	52
2016	62	58	54	50
2017	62	58	50	46
2018	62	58	46	42
2019	62	58	42	38
2020	62	58	38	34
2021	62	58	34	30
2022	62	58	30	26
2023	62	58	26	22
2024	62	58	22	18
2025	62	58	18	14
2026	15	19	23	27
2027	15	19	27	31
2028	15	19	31	35
2029	15	19	35	39
2030	15	19	39	43
2031	15	19	43	47
2032	15	19	47	51
2033	15	19	51	55
2034	15	19	55	59
2035	15	19	59	63
2036	15	20	25	30
2037	15	20	30	35
2038	15	20	35	40
2039	15	20	40	45
2040	15	20	45	50
2041	15	20	50	55
2042	15	20	55	60
2043	15	20	60	65
2044	15	20	65	70
2045	16	20	24	28
2046	16	20	28	32
2047	16	20	32	36
2048	16	20	36	40
2049	16	20	40	44
2050	16	20	44	48
2051	16	20	48	52
2052	16	20	52	56
2053	16	20	56	60
2054	16	20	60	64
2055	16	21	26	31
2056	16	21	31	36
2057	16	21	36	41
2058	16	21	41	46
2059	16	21	46	51
2060	16	21	51	56
2061	16	21	56	61
2062	16	21	61	66
2063	16	21	66	71
2064	16	22	28	34
2065	16	22	34	40
2066	16	22	40	46
2067	16	22	46	52
2068	16	22	52	58
2069	16	22	58	64
2070	16	22	64	70
2071	63	59	55	51
2072	63	59	51	47
2073	63	59	47	43
2074	63	59	43	39
2075	63	59	39	35
2076	63	59	35	31
2077	63	59	31	27
2078	63	59	27	23
2079	63	59	23	19
2080	63	59	19	15
2081	17	20	23	26
2082	17	20	26	29
2083	17	20	29	32
2084	17	20	32	35
2085	17	20	35	38
2086	17	20	38	41
2087	17	20	41	44
2088	17	20	44	47
2089	17	20	47	50
2090	17	20	50	53
2091	15	17	19	21
2092	15	17	21	23
2093	15	17	23	25
2094	15	17	25	27
2095	15	17	27	29
2096	15	17	29	31
2097	15	17	31	33
2098	15	17	33	35
2099	15	17	35	37
2100	15	17	37	39
2101	52	49	46	43
2102	52	49	43	40
2103	52	49	40	37
2104	52	49	37	34
2105	52	49	34	31
2106	52	49	31	28
2107	52	49	28	25
2108	52	49	25	22
2109	52	49	22	19
2110	52	49	19	16
2111	17	19	21	23
2112	17	19	23	25
2113	17	19	25	27
2114	17	19	27	29
2115	17	19	29	31
2116	17	19	31	33
2117	17	19	33	35
2118	17	19	35	37
2119	17	19	37	39
2120	17	19	39	41
2121	36	34	32	30
2122	36	34	30	28
2123	36	34	28	26
2124	36	34	26	24
2125	36	34	24	22
2126	36	34	22	20
2127	36	34	20	18
2128	36	34	18	16
2129	36	34	16	14
2130	36	34	14	12
2131	17	23	29	35
2132	17	23	35	41
2133	17	23	41	47
2134	17	23	47	53
2135	17	23	53	59
2136	17	23	59	65
2137	17	23	65	71
2138	17	21	25	29
2139	17	21	29	33
2140	17	21	33	37
2141	17	21	37	41
2142	17	21	41	45
2143	17	21	45	49
2144	17	21	49	53
2145	17	21	53	57
2146	17	21	57	61
2147	17	21	61	65
2148	17	22	27	32
2149	17	22	32	37
2150	17	22	37	42
2151	17	22	42	47
2152	17	22	47	52
2153	17	22	52	57
2154	17	22	57	62
2155	17	22	62	67
2156	17	22	67	72
2157	64	60	56	52
2158	64	60	52	48
2159	64	60	48	44
2160	64	60	44	40
2161	64	60	40	36
2162	64	60	36	32
2163	64	60	32	28
2164	64	60	28	24
2165	64	60	24	20
2166	64	60	20	16
2167	18	21	24	27
2168	18	21	27	30
2169	18	21	30	33
2170	18	21	33	36
2171	18	21	36	39
2172	18	21	39	42
2173	18	21	42	45
2174	18	21	45	48
2175	18	21	48	51
2176	18	21	51	54
2177	18	22	26	30
2178	18	22	30	34
2179	18	22	34	38
2180	18	22	38	42
2181	18	22	42	46
2182	18	22	46	50
2183	18	22	50	54
2184	18	22	54	58
2185	18	22	58	62
2186	18	22	62	66
2187	53	50	47	44
2188	53	50	44	41
2189	53	50	41	38
2190	53	50	38	35
2191	53	50	35	32
2192	53	50	32	29
2193	53	50	29	26
2194	53	50	26	23
2195	53	50	23	20
2196	53	50	20	17
2197	18	24	30	36
2198	18	24	36	42
2199	18	24	42	48
2200	18	24	48	54
2201	18	24	54	60
2202	18	24	60	66
2203	18	24	66	72
2204	35	33	31	29
2205	35	33	29	27
2206	35	33	27	25
2207	35	33	25	23
2208	35	33	23	21
2209	35	33	21	19
2210	35	33	19	17
2211	35	33	17	15
2212	35	33	15	13
2213	35	33	13	11
2214	19	22	25	28
2215	19	22	28	31
2216	19	22	31	34
2217	19	22	34	37
2218	19	22	37	40
2219	19	22	40	43
2220	19	22	43	46
2221	19	22	46	49
2222	19	22	49	52
2223	19	22	52	55
2224	19	24	29	34
2225	19	24	34	39
2226	19	24	39	44
2227	19	24	44	49
2228	19	24	49	54
2229	19	24	54	59
2230	19	24	59	64
2231	19	24	64	69
2232	20	24	28	32
2233	20	24	32	36
2234	20	24	36	40
2235	20	24	40	44
2236	20	24	44	48
2237	20	24	48	52
2238	20	24	52	56
2239	20	24	56	60
2240	20	24	60	64
2241	20	24	64	68
2242	65	61	57	53
2243	65	61	53	49
2244	65	61	49	45
2245	65	61	45	41
2246	65	61	41	37
2247	65	61	37	33
2248	65	61	33	29
2249	65	61	29	25
2250	65	61	25	21
2251	65	61	21	17
2252	18	23	28	33
2253	18	23	33	38
2254	18	23	38	43
2255	18	23	43	48
2256	18	23	48	53
2257	18	23	53	58
2258	18	23	58	63
2259	18	23	63	68
2260	19	23	27	31
2261	19	23	31	35
2262	19	23	35	39
2263	19	23	39	43
2264	19	23	43	47
2265	19	23	47	51
2266	19	23	51	55
2267	19	23	55	59
2268	19	23	59	63
2269	19	23	63	67
2270	16	18	20	22
2271	16	18	22	24
2272	16	18	24	26
2273	16	18	26	28
2274	16	18	28	30
2275	16	18	30	32
2276	16	18	32	34
2277	16	18	34	36
2278	16	18	36	38
2279	16	18	38	40
2280	18	20	22	24
2281	18	20	24	26
2282	18	20	26	28
2283	18	20	28	30
2284	18	20	30	32
2285	18	20	32	34
2286	18	20	34	36
2287	18	20	36	38
2288	18	20	38	40
2289	18	20	40	42
2290	20	22	24	26
2291	20	22	26	28
2292	20	22	28	30
2293	20	22	30	32
2294	20	22	32	34
2295	20	22	34	36
2296	20	22	36	38
2297	20	22	38	40
2298	20	22	40	42
2299	20	22	42	44
2300	37	35	33	31
2301	37	35	31	29
2302	37	35	29	27
2303	37	35	27	25
2304	37	35	25	23
2305	37	35	23	21
2306	37	35	21	19
2307	37	35	19	17
2308	37	35	17	15
2309	37	35	15	13
2310	21	22	23	24
2311	21	22	24	25
2312	21	22	25	26
2313	21	22	26	27
2314	21	22	27	28
2315	21	22	28	29
2316	21	22	29	30
2317	21	22	30	31
2318	21	22	31	32
2319	21	22	32	33
2320	21	24	27	30
2321	21	24	30	33
2322	21	24	33	36
2323	21	24	36	39
2324	21	24	39	42
2325	21	24	42	45
2326	21	24	45	48
2327	21	24	48	51
2328	21	24	51	54
2329	21	24	54	57
2330	22	21	20	19
2331	22	21	19	18
2332	22	21	18	17
2333	22	21	17	16
2334	22	21	16	15
2335	22	21	15	14
2336	22	21	14	13
2337	22	21	13	12
2338	22	21	12	11
2339	22	21	11	10
2340	19	21	23	25
2341	19	21	25	27
2342	19	21	27	29
2343	19	21	29	31
2344	19	21	31	33
2345	19	21	33	35
2346	19	21	35	37
2347	19	21	37	39
2348	19	21	39	41
2349	19	21	41	43
2350	20	23	26	29
2351	20	23	29	32
2352	20	23	32	35
2353	20	23	35	38
2354	20	23	38	41
2355	20	23	41	44
2356	20	23	44	47
2357	20	23	47	50
2358	20	23	50	53
2359	20	23	53	56
2360	20	25	30	35
2361	20	25	35	40
2362	20	25	40	45
2363	20	25	45	50
2364	20	25	50	55
2365	20	25	55	60
2366	20	25	60	65
2367	20	25	65	70
2368	66	62	58	54
2369	66	62	54	50
2370	66	62	50	46
2371	66	62	46	42
2372	66	62	42	38
2373	66	62	38	34
2374	66	62	34	30
2375	66	62	30	26
2376	66	62	26	22
2377	66	62	22	18
2378	51	48	45	42
2379	51	48	42	39
2380	51	48	39	36
2381	51	48	36	33
2382	51	48	33	30
2383	51	48	30	27
2384	51	48	27	24
2385	51	48	24	21
2386	51	48	21	18
2387	51	48	18	15
2388	21	25	29	33
2389	21	25	33	37
2390	21	25	37	41
2391	21	25	41	45
2392	21	25	45	49
2393	21	25	49	53
2394	21	25	53	57
2395	21	25	57	61
2396	21	25	61	65
2397	21	25	65	69
2398	38	36	34	32
2399	38	36	32	30
2400	38	36	30	28
2401	38	36	28	26
2402	38	36	26	24
2403	38	36	24	22
2404	38	36	22	20
2405	38	36	20	18
2406	38	36	18	16
2407	38	36	16	14
2408	22	25	28	31
2409	22	25	31	34
2410	22	25	34	37
2411	22	25	37	40
2412	22	25	40	43
2413	22	25	43	46
2414	22	25	46	49
2415	22	25	49	52
2416	22	25	52	55
2417	22	25	55	58
2418	67	63	59	55
2419	67	63	55	51
2420	67	63	51	47
2421	67	63	47	43
2422	67	63	43	39
2423	67	63	39	35
2424	67	63	35	31
2425	67	63	31	27
2426	67	63	27	23
2427	67	63	23	19
2428	23	22	21	20
2429	23	22	20	19
2430	23	22	19	18
2431	23	22	18	17
2432	23	22	17	16
2433	23	22	16	15
2434	23	22	15	14
2435	23	22	14	13
2436	23	22	13	12
2437	23	22	12	11
2438	54	51	48	45
2439	54	51	45	42
2440	54	51	42	39
2441	54	51	39	36
2442	54	51	36	33
2443	54	51	33	30
2444	54	51	30	27
2445	54	51	27	24
2446	54	51	24	21
2447	54	51	21	18
2448	68	64	60	56
2449	68	64	56	52
2450	68	64	52	48
2451	68	64	48	44
2452	68	64	44	40
2453	68	64	40	36
2454	68	64	36	32
2455	68	64	32	28
2456	68	64	28	24
2457	68	64	24	20
2458	21	23	25	27
2459	21	23	27	29
2460	21	23	29	31
2461	21	23	31	33
2462	21	23	33	35
2463	21	23	35	37
2464	21	23	37	39
2465	21	23	39	41
2466	21	23	41	43
2467	21	23	43	45
2468	40	38	36	34
2469	40	38	34	32
2470	40	38	32	30
2471	40	38	30	28
2472	40	38	28	26
2473	40	38	26	24
2474	40	38	24	22
2475	40	38	22	20
2476	40	38	20	18
2477	40	38	18	16
2478	21	26	31	36
2479	21	26	36	41
2480	21	26	41	46
2481	21	26	46	51
2482	21	26	51	56
2483	21	26	56	61
2484	21	26	61	66
2485	21	26	66	71
2486	22	27	32	37
2487	22	27	37	42
2488	22	27	42	47
2489	22	27	47	52
2490	22	27	52	57
2491	22	27	57	62
2492	22	27	62	67
2493	22	27	67	72
2494	23	27	31	35
2495	23	27	35	39
2496	23	27	39	43
2497	23	27	43	47
2498	23	27	47	51
2499	23	27	51	55
2500	23	27	55	59
2501	23	27	59	63
2502	23	27	63	67
2503	23	27	67	71
2504	22	26	30	34
2505	22	26	34	38
2506	22	26	38	42
2507	22	26	42	46
2508	22	26	46	50
2509	22	26	50	54
2510	22	26	54	58
2511	22	26	58	62
2512	22	26	62	66
2513	22	26	66	70
2514	69	65	61	57
2515	69	65	57	53
2516	69	65	53	49
2517	69	65	49	45
2518	69	65	45	41
2519	69	65	41	37
2520	69	65	37	33
2521	69	65	33	29
2522	69	65	29	25
2523	69	65	25	21
2524	23	26	29	32
2525	23	26	32	35
2526	23	26	35	38
2527	23	26	38	41
2528	23	26	41	44
2529	23	26	44	47
2530	23	26	47	50
2531	23	26	50	53
2532	23	26	53	56
2533	23	26	56	59
2534	57	54	51	48
2535	57	54	48	45
2536	57	54	45	42
2537	57	54	42	39
2538	57	54	39	36
2539	57	54	36	33
2540	57	54	33	30
2541	57	54	30	27
2542	57	54	27	24
2543	57	54	24	21
2544	24	23	22	21
2545	24	23	21	20
2546	24	23	20	19
2547	24	23	19	18
2548	24	23	18	17
2549	24	23	17	16
2550	24	23	16	15
2551	24	23	15	14
2552	24	23	14	13
2553	24	23	13	12
2554	55	52	49	46
2555	55	52	46	43
2556	55	52	43	40
2557	55	52	40	37
2558	55	52	37	34
2559	55	52	34	31
2560	55	52	31	28
2561	55	52	28	25
2562	55	52	25	22
2563	55	52	22	19
2564	22	24	26	28
2565	22	24	28	30
2566	22	24	30	32
2567	22	24	32	34
2568	22	24	34	36
2569	22	24	36	38
2570	22	24	38	40
2571	22	24	40	42
2572	22	24	42	44
2573	22	24	44	46
2574	23	24	25	26
2575	23	24	26	27
2576	23	24	27	28
2577	23	24	28	29
2578	23	24	29	30
2579	23	24	30	31
2580	23	24	31	32
2581	23	24	32	33
2582	23	24	33	34
2583	23	24	34	35
2584	23	25	27	29
2585	23	25	29	31
2586	23	25	31	33
2587	23	25	33	35
2588	23	25	35	37
2589	23	25	37	39
2590	23	25	39	41
2591	23	25	41	43
2592	23	25	43	45
2593	23	25	45	47
2594	23	28	33	38
2595	23	28	38	43
2596	23	28	43	48
2597	23	28	48	53
2598	23	28	53	58
2599	23	28	58	63
2600	23	28	63	68
2601	70	66	62	58
2602	70	66	58	54
2603	70	66	54	50
2604	70	66	50	46
2605	70	66	46	42
2606	70	66	42	38
2607	70	66	38	34
2608	70	66	34	30
2609	70	66	30	26
2610	70	66	26	22
2611	24	27	30	33
2612	24	27	33	36
2613	24	27	36	39
2614	24	27	39	42
2615	24	27	42	45
2616	24	27	45	48
2617	24	27	48	51
2618	24	27	51	54
2619	24	27	54	57
2620	24	27	57	60
2621	24	28	32	36
2622	24	28	36	40
2623	24	28	40	44
2624	24	28	44	48
2625	24	28	48	52
2626	24	28	52	56
2627	24	28	56	60
2628	24	28	60	64
2629	24	28	64	68
2630	24	28	68	72
2631	11	12	13	14
2632	11	12	14	15
2633	11	12	15	16
2634	11	12	16	17
2635	11	12	17	18
2636	11	12	18	19
2637	11	12	19	20
2638	11	12	20	21
2639	11	12	21	22
2640	11	12	22	23
2641	25	24	23	22
2642	25	24	22	21
2643	25	24	21	20
2644	25	24	20	19
2645	25	24	19	18
2646	25	24	18	17
2647	25	24	17	16
2648	25	24	16	15
2649	25	24	15	14
2650	25	24	14	13
2651	56	53	50	47
2652	56	53	47	44
2653	56	53	44	41
2654	56	53	41	38
2655	56	53	38	35
2656	56	53	35	32
2657	56	53	32	29
2658	56	53	29	26
2659	56	53	26	23
2660	56	53	23	20
2661	71	67	63	59
2662	71	67	59	55
2663	71	67	55	51
2664	71	67	51	47
2665	71	67	47	43
2666	71	67	43	39
2667	71	67	39	35
2668	71	67	35	31
2669	71	67	31	27
2670	71	67	27	23
2671	24	25	26	27
2672	24	25	27	28
2673	24	25	28	29
2674	24	25	29	30
2675	24	25	30	31
2676	24	25	31	32
2677	24	25	32	33
2678	24	25	33	34
2679	24	25	34	35
2680	24	25	35	36
2681	24	26	28	30
2682	24	26	30	32
2683	24	26	32	34
2684	24	26	34	36
2685	24	26	36	38
2686	24	26	38	40
2687	24	26	40	42
2688	24	26	42	44
2689	24	26	44	46
2690	24	26	46	48
2691	24	29	34	39
2692	24	29	39	44
2693	24	29	44	49
2694	24	29	49	54
2695	24	29	54	59
2696	24	29	59	64
2697	24	29	64	69
2698	25	28	31	34
2699	25	28	34	37
2700	25	28	37	40
2701	25	28	40	43
2702	25	28	43	46
2703	25	28	46	49
2704	25	28	49	52
2705	25	28	52	55
2706	25	28	55	58
2707	25	28	58	61
2708	25	29	33	37
2709	25	29	37	41
2710	25	29	41	45
2711	25	29	45	49
2712	25	29	49	53
2713	25	29	53	57
2714	25	29	57	61
2715	25	29	61	65
2716	25	29	65	69
2717	25	30	35	40
2718	25	30	40	45
2719	25	30	45	50
2720	25	30	50	55
2721	25	30	55	60
2722	25	30	60	65
2723	25	30	65	70
2724	12	13	14	15
2725	12	13	15	16
2726	12	13	16	17
2727	12	13	17	18
2728	12	13	18	19
2729	12	13	19	20
2730	12	13	20	21
2731	12	13	21	22
2732	12	13	22	23
2733	12	13	23	24
2734	26	25	24	23
2735	26	25	23	22
2736	26	25	22	21
2737	26	25	21	20
2738	26	25	20	19
2739	26	25	19	18
2740	26	25	18	17
2741	26	25	17	16
2742	26	25	16	15
2743	26	25	15	14
2744	72	68	64	60
2745	72	68	60	56
2746	72	68	56	52
2747	72	68	52	48
2748	72	68	48	44
2749	72	68	44	40
2750	72	68	40	36
2751	72	68	36	32
2752	72	68	32	28
2753	72	68	28	24
2754	60	57	54	51
2755	60	57	51	48
2756	60	57	48	45
2757	60	57	45	42
2758	60	57	42	39
2759	60	57	39	36
2760	60	57	36	33
2761	60	57	33	30
2762	60	57	30	27
2763	60	57	27	24
2764	25	26	27	28
2765	25	26	28	29
2766	25	26	29	30
2767	25	26	30	31
2768	25	26	31	32
2769	25	26	32	33
2770	25	26	33	34
2771	25	26	34	35
2772	25	26	35	36
2773	25	26	36	37
2774	25	27	29	31
2775	25	27	31	33
2776	25	27	33	35
2777	25	27	35	37
2778	25	27	37	39
2779	25	27	39	41
2780	25	27	41	43
2781	25	27	43	45
2782	25	27	45	47
2783	25	27	47	49
2784	26	27	28	29
2785	26	27	29	30
2786	26	27	30	31
2787	26	27	31	32
2788	26	27	32	33
2789	26	27	33	34
2790	26	27	34	35
2791	26	27	35	36
2792	26	27	36	37
2793	26	27	37	38
2794	26	28	30	32
2795	26	28	32	34
2796	26	28	34	36
2797	26	28	36	38
2798	26	28	38	40
2799	26	28	40	42
2800	26	28	42	44
2801	26	28	44	46
2802	26	28	46	48
2803	26	28	48	50
2804	26	29	32	35
2805	26	29	35	38
2806	26	29	38	41
2807	26	29	41	44
2808	26	29	44	47
2809	26	29	47	50
2810	26	29	50	53
2811	26	29	53	56
2812	26	29	56	59
2813	26	29	59	62
2814	13	14	15	16
2815	13	14	16	17
2816	13	14	17	18
2817	13	14	18	19
2818	13	14	19	20
2819	13	14	20	21
2820	13	14	21	22
2821	13	14	22	23
2822	13	14	23	24
2823	13	14	24	25
2824	27	26	25	24
2825	27	26	24	23
2826	27	26	23	22
2827	27	26	22	21
2828	27	26	21	20
2829	27	26	20	19
2830	27	26	19	18
2831	27	26	18	17
2832	27	26	17	16
2833	27	26	16	15
2834	58	55	52	49
2835	58	55	49	46
2836	58	55	46	43
2837	58	55	43	40
2838	58	55	40	37
2839	58	55	37	34
2840	58	55	34	31
2841	58	55	31	28
2842	58	55	28	25
2843	58	55	25	22
2844	26	31	36	41
2845	26	31	41	46
2846	26	31	46	51
2847	26	31	51	56
2848	26	31	56	61
2849	26	31	61	66
2850	26	31	66	71
2851	27	30	33	36
2852	27	30	36	39
2853	27	30	39	42
2854	27	30	42	45
2855	27	30	45	48
2856	27	30	48	51
2857	27	30	51	54
2858	27	30	54	57
2859	27	30	57	60
2860	27	30	60	63
2861	27	32	37	42
2862	27	32	42	47
2863	27	32	47	52
2864	27	32	52	57
2865	27	32	57	62
2866	27	32	62	67
2867	27	32	67	72
2868	26	30	34	38
2869	26	30	38	42
2870	26	30	42	46
2871	26	30	46	50
2872	26	30	50	54
2873	26	30	54	58
2874	26	30	58	62
2875	26	30	62	66
2876	26	30	66	70
2877	61	58	55	52
2878	61	58	52	49
2879	61	58	49	46
2880	61	58	46	43
2881	61	58	43	40
2882	61	58	40	37
2883	61	58	37	34
2884	61	58	34	31
2885	61	58	31	28
2886	61	58	28	25
2887	27	29	31	33
2888	27	29	33	35
2889	27	29	35	37
2890	27	29	37	39
2891	27	29	39	41
2892	27	29	41	43
2893	27	29	43	45
2894	27	29	45	47
2895	27	29	47	49
2896	27	29	49	51
2897	27	31	35	39
2898	27	31	39	43
2899	27	31	43	47
2900	27	31	47	51
2901	27	31	51	55
2902	27	31	55	59
2903	27	31	59	63
2904	27	31	63	67
2905	27	31	67	71
2906	14	15	16	17
2907	14	15	17	18
2908	14	15	18	19
2909	14	15	19	20
2910	14	15	20	21
2911	14	15	21	22
2912	14	15	22	23
2913	14	15	23	24
2914	14	15	24	25
2915	14	15	25	26
2916	28	27	26	25
2917	28	27	25	24
2918	28	27	24	23
2919	28	27	23	22
2920	28	27	22	21
2921	28	27	21	20
2922	28	27	20	19
2923	28	27	19	18
2924	28	27	18	17
2925	28	27	17	16
2926	59	56	53	50
2927	59	56	50	47
2928	59	56	47	44
2929	59	56	44	41
2930	59	56	41	38
2931	59	56	38	35
2932	59	56	35	32
2933	59	56	32	29
2934	59	56	29	26
2935	59	56	26	23
2936	27	28	29	30
2937	27	28	30	31
2938	27	28	31	32
2939	27	28	32	33
2940	27	28	33	34
2941	27	28	34	35
2942	27	28	35	36
2943	27	28	36	37
2944	27	28	37	38
2945	27	28	38	39
2946	28	29	30	31
2947	28	29	31	32
2948	28	29	32	33
2949	28	29	33	34
2950	28	29	34	35
2951	28	29	35	36
2952	28	29	36	37
2953	28	29	37	38
2954	28	29	38	39
2955	28	29	39	40
2956	28	30	32	34
2957	28	30	34	36
2958	28	30	36	38
2959	28	30	38	40
2960	28	30	40	42
2961	28	30	42	44
2962	28	30	44	46
2963	28	30	46	48
2964	28	30	48	50
2965	28	30	50	52
2966	28	31	34	37
2967	28	31	37	40
2968	28	31	40	43
2969	28	31	43	46
2970	28	31	46	49
2971	28	31	49	52
2972	28	31	52	55
2973	28	31	55	58
2974	28	31	58	61
2975	28	31	61	64
2976	15	16	17	18
2977	15	16	18	19
2978	15	16	19	20
2979	15	16	20	21
2980	15	16	21	22
2981	15	16	22	23
2982	15	16	23	24
2983	15	16	24	25
2984	15	16	25	26
2985	15	16	26	27
2986	29	28	27	26
2987	29	28	26	25
2988	29	28	25	24
2989	29	28	24	23
2990	29	28	23	22
2991	29	28	22	21
2992	29	28	21	20
2993	29	28	20	19
2994	29	28	19	18
2995	29	28	18	17
2996	63	60	57	54
2997	63	60	54	51
2998	63	60	51	48
2999	63	60	48	45
3000	63	60	45	42
3001	63	60	42	39
3002	63	60	39	36
3003	63	60	36	33
3004	63	60	33	30
3005	63	60	30	27
3006	29	30	31	32
3007	29	30	32	33
3008	29	30	33	34
3009	29	30	34	35
3010	29	30	35	36
3011	29	30	36	37
3012	29	30	37	38
3013	29	30	38	39
3014	29	30	39	40
3015	29	30	40	41
3016	29	31	33	35
3017	29	31	35	37
3018	29	31	37	39
3019	29	31	39	41
3020	29	31	41	43
3021	29	31	43	45
3022	29	31	45	47
3023	29	31	47	49
3024	29	31	49	51
3025	29	31	51	53
3026	16	17	18	19
3027	16	17	19	20
3028	16	17	20	21
3029	16	17	21	22
3030	16	17	22	23
3031	16	17	23	24
3032	16	17	24	25
3033	16	17	25	26
3034	16	17	26	27
3035	16	17	27	28
3036	30	29	28	27
3037	30	29	27	26
3038	30	29	26	25
3039	30	29	25	24
3040	30	29	24	23
3041	30	29	23	22
3042	30	29	22	21
3043	30	29	21	20
3044	30	29	20	19
3045	30	29	19	18
3046	28	32	36	40
3047	28	32	40	44
3048	28	32	44	48
3049	28	32	48	52
3050	28	32	52	56
3051	28	32	56	60
3052	28	32	60	64
3053	28	32	64	68
3054	28	32	68	72
3055	29	32	35	38
3056	29	32	38	41
3057	29	32	41	44
3058	29	32	44	47
3059	29	32	47	50
3060	29	32	50	53
3061	29	32	53	56
3062	29	32	56	59
3063	29	32	59	62
3064	29	32	62	65
3065	29	33	37	41
3066	29	33	41	45
3067	29	33	45	49
3068	29	33	49	53
3069	29	33	53	57
3070	29	33	57	61
3071	29	33	61	65
3072	29	33	65	69
3073	30	32	34	36
3074	30	32	36	38
3075	30	32	38	40
3076	30	32	40	42
3077	30	32	42	44
3078	30	32	44	46
3079	30	32	46	48
3080	30	32	48	50
3081	30	32	50	52
3082	30	32	52	54
3083	64	61	58	55
3084	64	61	55	52
3085	64	61	52	49
3086	64	61	49	46
3087	64	61	46	43
3088	64	61	43	40
3089	64	61	40	37
3090	64	61	37	34
3091	64	61	34	31
3092	64	61	31	28
3093	30	33	36	39
3094	30	33	39	42
3095	30	33	42	45
3096	30	33	45	48
3097	30	33	48	51
3098	30	33	51	54
3099	30	33	54	57
3100	30	33	57	60
3101	30	33	60	63
3102	30	33	63	66
3103	17	18	19	20
3104	17	18	20	21
3105	17	18	21	22
3106	17	18	22	23
3107	17	18	23	24
3108	17	18	24	25
3109	17	18	25	26
3110	17	18	26	27
3111	17	18	27	28
3112	17	18	28	29
3113	31	30	29	28
3114	31	30	28	27
3115	31	30	27	26
3116	31	30	26	25
3117	31	30	25	24
3118	31	30	24	23
3119	31	30	23	22
3120	31	30	22	21
3121	31	30	21	20
3122	31	30	20	19
3123	62	59	56	53
3124	62	59	53	50
3125	62	59	50	47
3126	62	59	47	44
3127	62	59	44	41
3128	62	59	41	38
3129	62	59	38	35
3130	62	59	35	32
3131	62	59	32	29
3132	62	59	29	26
3133	30	31	32	33
3134	30	31	33	34
3135	30	31	34	35
3136	30	31	35	36
3137	30	31	36	37
3138	30	31	37	38
3139	30	31	38	39
3140	30	31	39	40
3141	30	31	40	41
3142	30	31	41	42
3143	31	32	33	34
3144	31	32	34	35
3145	31	32	35	36
3146	31	32	36	37
3147	31	32	37	38
3148	31	32	38	39
3149	31	32	39	40
3150	31	32	40	41
3151	31	32	41	42
3152	31	32	42	43
3153	31	33	35	37
3154	31	33	37	39
3155	31	33	39	41
3156	31	33	41	43
3157	31	33	43	45
3158	31	33	45	47
3159	31	33	47	49
3160	31	33	49	51
3161	31	33	51	53
3162	31	33	53	55
3163	30	34	38	42
3164	30	34	42	46
3165	30	34	46	50
3166	30	34	50	54
3167	30	34	54	58
3168	30	34	58	62
3169	30	34	62	66
3170	30	34	66	70
3171	31	34	37	40
3172	31	34	40	43
3173	31	34	43	46
3174	31	34	46	49
3175	31	34	49	52
3176	31	34	52	55
3177	31	34	55	58
3178	31	34	58	61
3179	31	34	61	64
3180	31	34	64	67
3181	65	62	59	56
3182	65	62	56	53
3183	65	62	53	50
3184	65	62	50	47
3185	65	62	47	44
3186	65	62	44	41
3187	65	62	41	38
3188	65	62	38	35
3189	65	62	35	32
3190	65	62	32	29
3191	31	35	39	43
3192	31	35	43	47
3193	31	35	47	51
3194	31	35	51	55
3195	31	35	55	59
3196	31	35	59	63
3197	31	35	63	67
3198	31	35	67	71
3199	18	19	20	21
3200	18	19	21	22
3201	18	19	22	23
3202	18	19	23	24
3203	18	19	24	25
3204	18	19	25	26
3205	18	19	26	27
3206	18	19	27	28
3207	18	19	28	29
3208	18	19	29	30
3209	32	31	30	29
3210	32	31	29	28
3211	32	31	28	27
3212	32	31	27	26
3213	32	31	26	25
3214	32	31	25	24
3215	32	31	24	23
3216	32	31	23	22
3217	32	31	22	21
3218	32	31	21	20
3219	66	63	60	57
3220	66	63	57	54
3221	66	63	54	51
3222	66	63	51	48
3223	66	63	48	45
3224	66	63	45	42
3225	66	63	42	39
3226	66	63	39	36
3227	66	63	36	33
3228	66	63	33	30
3229	32	33	34	35
3230	32	33	35	36
3231	32	33	36	37
3232	32	33	37	38
3233	32	33	38	39
3234	32	33	39	40
3235	32	33	40	41
3236	32	33	41	42
3237	32	33	42	43
3238	32	33	43	44
3239	59	57	55	53
3240	59	57	53	51
3241	59	57	51	49
3242	59	57	49	47
3243	59	57	47	45
3244	59	57	45	43
3245	59	57	43	41
3246	59	57	41	39
3247	59	57	39	37
3248	59	57	37	35
3249	32	34	36	38
3250	32	34	38	40
3251	32	34	40	42
3252	32	34	42	44
3253	32	34	44	46
3254	32	34	46	48
3255	32	34	48	50
3256	32	34	50	52
3257	32	34	52	54
3258	32	34	54	56
3259	60	58	56	54
3260	60	58	54	52
3261	60	58	52	50
3262	60	58	50	48
3263	60	58	48	46
3264	60	58	46	44
3265	60	58	44	42
3266	60	58	42	40
3267	60	58	40	38
3268	60	58	38	36
3269	19	20	21	22
3270	19	20	22	23
3271	19	20	23	24
3272	19	20	24	25
3273	19	20	25	26
3274	19	20	26	27
3275	19	20	27	28
3276	19	20	28	29
3277	19	20	29	30
3278	19	20	30	31
3279	33	32	31	30
3280	33	32	30	29
3281	33	32	29	28
3282	33	32	28	27
3283	33	32	27	26
3284	33	32	26	25
3285	33	32	25	24
3286	33	32	24	23
3287	33	32	23	22
3288	33	32	22	21
3289	32	35	38	41
3290	32	35	41	44
3291	32	35	44	47
3292	32	35	47	50
3293	32	35	50	53
3294	32	35	53	56
3295	32	35	56	59
3296	32	35	59	62
3297	32	35	62	65
3298	32	35	65	68
3299	67	64	61	58
3300	67	64	58	55
3301	67	64	55	52
3302	67	64	52	49
3303	67	64	49	46
3304	67	64	46	43
3305	67	64	43	40
3306	67	64	40	37
3307	67	64	37	34
3308	67	64	34	31
3309	33	35	37	39
3310	33	35	39	41
3311	33	35	41	43
3312	33	35	43	45
3313	33	35	45	47
3314	33	35	47	49
3315	33	35	49	51
3316	33	35	51	53
3317	33	35	53	55
3318	33	35	55	57
3319	33	36	39	42
3320	33	36	42	45
3321	33	36	45	48
3322	33	36	48	51
3323	33	36	51	54
3324	33	36	54	57
3325	33	36	57	60
3326	33	36	60	63
3327	33	36	63	66
3328	33	36	66	69
3329	20	21	22	23
3330	20	21	23	24
3331	20	21	24	25
3332	20	21	25	26
3333	20	21	26	27
3334	20	21	27	28
3335	20	21	28	29
3336	20	21	29	30
3337	20	21	30	31
3338	20	21	31	32
3339	34	33	32	31
3340	34	33	31	30
3341	34	33	30	29
3342	34	33	29	28
3343	34	33	28	27
3344	34	33	27	26
3345	34	33	26	25
3346	34	33	25	24
3347	34	33	24	23
3348	34	33	23	22
3349	32	36	40	44
3350	32	36	44	48
3351	32	36	48	52
3352	32	36	52	56
3353	32	36	56	60
3354	32	36	60	64
3355	32	36	64	68
3356	32	36	68	72
3357	33	37	41	45
3358	33	37	45	49
3359	33	37	49	53
3360	33	37	53	57
3361	33	37	57	61
3362	33	37	61	65
3363	33	37	65	69
3364	34	36	38	40
3365	34	36	40	42
3366	34	36	42	44
3367	34	36	44	46
3368	34	36	46	48
3369	34	36	48	50
3370	34	36	50	52
3371	34	36	52	54
3372	34	36	54	56
3373	34	36	56	58
3374	34	37	40	43
3375	34	37	43	46
3376	34	37	46	49
3377	34	37	49	52
3378	34	37	52	55
3379	34	37	55	58
3380	34	37	58	61
3381	34	37	61	64
3382	34	37	64	67
3383	34	37	67	70
3384	68	65	62	59
3385	68	65	59	56
3386	68	65	56	53
3387	68	65	53	50
3388	68	65	50	47
3389	68	65	47	44
3390	68	65	44	41
3391	68	65	41	38
3392	68	65	38	35
3393	68	65	35	32
3394	39	37	35	33
3395	39	37	33	31
3396	39	37	31	29
3397	39	37	29	27
3398	39	37	27	25
3399	39	37	25	23
3400	39	37	23	21
3401	39	37	21	19
3402	39	37	19	17
3403	39	37	17	15
3404	35	34	33	32
3405	35	34	32	31
3406	35	34	31	30
3407	35	34	30	29
3408	35	34	29	28
3409	35	34	28	27
3410	35	34	27	26
3411	35	34	26	25
3412	35	34	25	24
3413	35	34	24	23
3414	34	38	42	46
3415	34	38	46	50
3416	34	38	50	54
3417	34	38	54	58
3418	34	38	58	62
3419	34	38	62	66
3420	34	38	66	70
3421	35	38	41	44
3422	35	38	44	47
3423	35	38	47	50
3424	35	38	50	53
3425	35	38	53	56
3426	35	38	56	59
3427	35	38	59	62
3428	35	38	62	65
3429	35	38	65	68
3430	35	38	68	71
3431	69	66	63	60
3432	69	66	60	57
3433	69	66	57	54
3434	69	66	54	51
3435	69	66	51	48
3436	69	66	48	45
3437	69	66	45	42
3438	69	66	42	39
3439	69	66	39	36
3440	69	66	36	33
3441	35	37	39	41
3442	35	37	41	43
3443	35	37	43	45
3444	35	37	45	47
3445	35	37	47	49
3446	35	37	49	51
3447	35	37	51	53
3448	35	37	53	55
3449	35	37	55	57
3450	35	37	57	59
3451	22	23	24	25
3452	22	23	25	26
3453	22	23	26	27
3454	22	23	27	28
3455	22	23	28	29
3456	22	23	29	30
3457	22	23	30	31
3458	22	23	31	32
3459	22	23	32	33
3460	22	23	33	34
3461	36	35	34	33
3462	36	35	33	32
3463	36	35	32	31
3464	36	35	31	30
3465	36	35	30	29
3466	36	35	29	28
3467	36	35	28	27
3468	36	35	27	26
3469	36	35	26	25
3470	36	35	25	24
3471	35	39	43	47
3472	35	39	47	51
3473	35	39	51	55
3474	35	39	55	59
3475	35	39	59	63
3476	35	39	63	67
3477	35	39	67	71
3478	70	67	64	61
3479	70	67	61	58
3480	70	67	58	55
3481	70	67	55	52
3482	70	67	52	49
3483	70	67	49	46
3484	70	67	46	43
3485	70	67	43	40
3486	70	67	40	37
3487	70	67	37	34
3488	36	38	40	42
3489	36	38	42	44
3490	36	38	44	46
3491	36	38	46	48
3492	36	38	48	50
3493	36	38	50	52
3494	36	38	52	54
3495	36	38	54	56
3496	36	38	56	58
3497	36	38	58	60
3498	36	39	42	45
3499	36	39	45	48
3500	36	39	48	51
3501	36	39	51	54
3502	36	39	54	57
3503	36	39	57	60
3504	36	39	60	63
3505	36	39	63	66
3506	36	39	66	69
3507	36	39	69	72
3508	41	39	37	35
3509	41	39	35	33
3510	41	39	33	31
3511	41	39	31	29
3512	41	39	29	27
3513	41	39	27	25
3514	41	39	25	23
3515	41	39	23	21
3516	41	39	21	19
3517	41	39	19	17
3518	37	36	35	34
3519	37	36	34	33
3520	37	36	33	32
3521	37	36	32	31
3522	37	36	31	30
3523	37	36	30	29
3524	37	36	29	28
3525	37	36	28	27
3526	37	36	27	26
3527	37	36	26	25
3528	36	40	44	48
3529	36	40	48	52
3530	36	40	52	56
3531	36	40	56	60
3532	36	40	60	64
3533	36	40	64	68
3534	36	40	68	72
3535	37	40	43	46
3536	37	40	46	49
3537	37	40	49	52
3538	37	40	52	55
3539	37	40	55	58
3540	37	40	58	61
3541	37	40	61	64
3542	37	40	64	67
3543	37	40	67	70
3544	71	68	65	62
3545	71	68	62	59
3546	71	68	59	56
3547	71	68	56	53
3548	71	68	53	50
3549	71	68	50	47
3550	71	68	47	44
3551	71	68	44	41
3552	71	68	41	38
3553	71	68	38	35
3554	37	39	41	43
3555	37	39	43	45
3556	37	39	45	47
3557	37	39	47	49
3558	37	39	49	51
3559	37	39	51	53
3560	37	39	53	55
3561	37	39	55	57
3562	37	39	57	59
3563	37	39	59	61
3564	42	40	38	36
3565	42	40	36	34
3566	42	40	34	32
3567	42	40	32	30
3568	42	40	30	28
3569	42	40	28	26
3570	42	40	26	24
3571	42	40	24	22
3572	42	40	22	20
3573	42	40	20	18
3574	38	37	36	35
3575	38	37	35	34
3576	38	37	34	33
3577	38	37	33	32
3578	38	37	32	31
3579	38	37	31	30
3580	38	37	30	29
3581	38	37	29	28
3582	38	37	28	27
3583	38	37	27	26
3584	38	41	44	47
3585	38	41	47	50
3586	38	41	50	53
3587	38	41	53	56
3588	38	41	56	59
3589	38	41	59	62
3590	38	41	62	65
3591	38	41	65	68
3592	38	41	68	71
3593	39	41	43	45
3594	39	41	45	47
3595	39	41	47	49
3596	39	41	49	51
3597	39	41	51	53
3598	39	41	53	55
3599	39	41	55	57
3600	39	41	57	59
3601	39	41	59	61
3602	39	41	61	63
3603	38	40	42	44
3604	38	40	44	46
3605	38	40	46	48
3606	38	40	48	50
3607	38	40	50	52
3608	38	40	52	54
3609	38	40	54	56
3610	38	40	56	58
3611	38	40	58	60
3612	38	40	60	62
3613	39	38	37	36
3614	39	38	36	35
3615	39	38	35	34
3616	39	38	34	33
3617	39	38	33	32
3618	39	38	32	31
3619	39	38	31	30
3620	39	38	30	29
3621	39	38	29	28
3622	39	38	28	27
3623	39	42	45	48
3624	39	42	48	51
3625	39	42	51	54
3626	39	42	54	57
3627	39	42	57	60
3628	39	42	60	63
3629	39	42	63	66
3630	39	42	66	69
3631	39	42	69	72
3632	40	42	44	46
3633	40	42	46	48
3634	40	42	48	50
3635	40	42	50	52
3636	40	42	52	54
3637	40	42	54	56
3638	40	42	56	58
3639	40	42	58	60
3640	40	42	60	62
3641	40	42	62	64
3642	40	43	46	49
3643	40	43	49	52
3644	40	43	52	55
3645	40	43	55	58
3646	40	43	58	61
3647	40	43	61	64
3648	40	43	64	67
3649	40	43	67	70
3650	40	39	38	37
3651	40	39	37	36
3652	40	39	36	35
3653	40	39	35	34
3654	40	39	34	33
3655	40	39	33	32
3656	40	39	32	31
3657	40	39	31	30
3658	40	39	30	29
3659	40	39	29	28
3660	41	43	45	47
3661	41	43	47	49
3662	41	43	49	51
3663	41	43	51	53
3664	41	43	53	55
3665	41	43	55	57
3666	41	43	57	59
3667	41	43	59	61
3668	41	43	61	63
3669	41	43	63	65
3670	41	44	47	50
3671	41	44	50	53
3672	41	44	53	56
3673	41	44	56	59
3674	41	44	59	62
3675	41	44	62	65
3676	41	44	65	68
3677	41	44	68	71
3678	42	44	46	48
3679	42	44	48	50
3680	42	44	50	52
3681	42	44	52	54
3682	42	44	54	56
3683	42	44	56	58
3684	42	44	58	60
3685	42	44	60	62
3686	42	44	62	64
3687	42	44	64	66
3688	43	41	39	37
3689	43	41	37	35
3690	43	41	35	33
3691	43	41	33	31
3692	43	41	31	29
3693	43	41	29	27
3694	43	41	27	25
3695	43	41	25	23
3696	43	41	23	21
3697	43	41	21	19
3698	44	42	40	38
3699	44	42	38	36
3700	44	42	36	34
3701	44	42	34	32
3702	44	42	32	30
3703	44	42	30	28
3704	44	42	28	26
3705	44	42	26	24
3706	44	42	24	22
3707	44	42	22	20
3708	41	40	39	38
3709	41	40	38	37
3710	41	40	37	36
3711	41	40	36	35
3712	41	40	35	34
3713	41	40	34	33
3714	41	40	33	32
3715	41	40	32	31
3716	41	40	31	30
3717	41	40	30	29
3718	42	45	48	51
3719	42	45	51	54
3720	42	45	54	57
3721	42	45	57	60
3722	42	45	60	63
3723	42	45	63	66
3724	42	45	66	69
3725	42	45	69	72
3726	43	45	47	49
3727	43	45	49	51
3728	43	45	51	53
3729	43	45	53	55
3730	43	45	55	57
3731	43	45	57	59
3732	43	45	59	61
3733	43	45	61	63
3734	43	45	63	65
3735	43	45	65	67
3736	43	46	49	52
3737	43	46	52	55
3738	43	46	55	58
3739	43	46	58	61
3740	43	46	61	64
3741	43	46	64	67
3742	43	46	67	70
3743	45	43	41	39
3744	45	43	39	37
3745	45	43	37	35
3746	45	43	35	33
3747	45	43	33	31
3748	45	43	31	29
3749	45	43	29	27
3750	45	43	27	25
3751	45	43	25	23
3752	45	43	23	21
3753	46	44	42	40
3754	46	44	40	38
3755	46	44	38	36
3756	46	44	36	34
3757	46	44	34	32
3758	46	44	32	30
3759	46	44	30	28
3760	46	44	28	26
3761	46	44	26	24
3762	46	44	24	22
3763	42	41	40	39
3764	42	41	39	38
3765	42	41	38	37
3766	42	41	37	36
3767	42	41	36	35
3768	42	41	35	34
3769	42	41	34	33
3770	42	41	33	32
3771	42	41	32	31
3772	42	41	31	30
3773	44	46	48	50
3774	44	46	50	52
3775	44	46	52	54
3776	44	46	54	56
3777	44	46	56	58
3778	44	46	58	60
3779	44	46	60	62
3780	44	46	62	64
3781	44	46	64	66
3782	44	46	66	68
3783	67	65	63	61
3784	67	65	61	59
3785	67	65	59	57
3786	67	65	57	55
3787	67	65	55	53
3788	67	65	53	51
3789	67	65	51	49
3790	67	65	49	47
3791	67	65	47	45
3792	67	65	45	43
3793	45	46	47	48
3794	45	46	48	49
3795	45	46	49	50
3796	45	46	50	51
3797	45	46	51	52
3798	45	46	52	53
3799	45	46	53	54
3800	45	46	54	55
3801	45	46	55	56
3802	45	46	56	57
3803	47	45	43	41
3804	47	45	41	39
3805	47	45	39	37
3806	47	45	37	35
3807	47	45	35	33
3808	47	45	33	31
3809	47	45	31	29
3810	47	45	29	27
3811	47	45	27	25
3812	47	45	25	23
3813	48	46	44	42
3814	48	46	42	40
3815	48	46	40	38
3816	48	46	38	36
3817	48	46	36	34
3818	48	46	34	32
3819	48	46	32	30
3820	48	46	30	28
3821	48	46	28	26
3822	48	46	26	24
3823	43	42	41	40
3824	43	42	40	39
3825	43	42	39	38
3826	43	42	38	37
3827	43	42	37	36
3828	43	42	36	35
3829	43	42	35	34
3830	43	42	34	33
3831	43	42	33	32
3832	43	42	32	31
3833	44	47	50	53
3834	44	47	53	56
3835	44	47	56	59
3836	44	47	59	62
3837	44	47	62	65
3838	44	47	65	68
3839	44	47	68	71
3840	45	47	49	51
3841	45	47	51	53
3842	45	47	53	55
3843	45	47	55	57
3844	45	47	57	59
3845	45	47	59	61
3846	45	47	61	63
3847	45	47	63	65
3848	45	47	65	67
3849	45	47	67	69
3850	45	48	51	54
3851	45	48	54	57
3852	45	48	57	60
3853	45	48	60	63
3854	45	48	63	66
3855	45	48	66	69
3856	45	48	69	72
3857	44	43	42	41
3858	44	43	41	40
3859	44	43	40	39
3860	44	43	39	38
3861	44	43	38	37
3862	44	43	37	36
3863	44	43	36	35
3864	44	43	35	34
3865	44	43	34	33
3866	44	43	33	32
3867	46	48	50	52
3868	46	48	52	54
3869	46	48	54	56
3870	46	48	56	58
3871	46	48	58	60
3872	46	48	60	62
3873	46	48	62	64
3874	46	48	64	66
3875	46	48	66	68
3876	46	48	68	70
3877	47	48	49	50
3878	47	48	50	51
3879	47	48	51	52
3880	47	48	52	53
3881	47	48	53	54
3882	47	48	54	55
3883	47	48	55	56
3884	47	48	56	57
3885	47	48	57	58
3886	47	48	58	59
3887	47	49	51	53
3888	47	49	53	55
3889	47	49	55	57
3890	47	49	57	59
3891	47	49	59	61
3892	47	49	61	63
3893	47	49	63	65
3894	47	49	65	67
3895	47	49	67	69
3896	47	49	69	71
3897	49	47	45	43
3898	49	47	43	41
3899	49	47	41	39
3900	49	47	39	37
3901	49	47	37	35
3902	49	47	35	33
3903	49	47	33	31
3904	49	47	31	29
3905	49	47	29	27
3906	49	47	27	25
3907	50	48	46	44
3908	50	48	44	42
3909	50	48	42	40
3910	50	48	40	38
3911	50	48	38	36
3912	50	48	36	34
3913	50	48	34	32
3914	50	48	32	30
3915	50	48	30	28
3916	50	48	28	26
3917	33	34	35	36
3918	33	34	36	37
3919	33	34	37	38
3920	33	34	38	39
3921	33	34	39	40
3922	33	34	40	41
3923	33	34	41	42
3924	33	34	42	43
3925	33	34	43	44
3926	33	34	44	45
3927	34	35	36	37
3928	34	35	37	38
3929	34	35	38	39
3930	34	35	39	40
3931	34	35	40	41
3932	34	35	41	42
3933	34	35	42	43
3934	34	35	43	44
3935	34	35	44	45
3936	34	35	45	46
3937	35	36	37	38
3938	35	36	38	39
3939	35	36	39	40
3940	35	36	40	41
3941	35	36	41	42
3942	35	36	42	43
3943	35	36	43	44
3944	35	36	44	45
3945	35	36	45	46
3946	35	36	46	47
3947	63	61	59	57
3948	63	61	57	55
3949	63	61	55	53
3950	63	61	53	51
3951	63	61	51	49
3952	63	61	49	47
3953	63	61	47	45
3954	63	61	45	43
3955	63	61	43	41
3956	63	61	41	39
3957	61	59	57	55
3958	61	59	55	53
3959	61	59	53	51
3960	61	59	51	49
3961	61	59	49	47
3962	61	59	47	45
3963	61	59	45	43
3964	61	59	43	41
3965	61	59	41	39
3966	61	59	39	37
3967	36	37	38	39
3968	36	37	39	40
3969	36	37	40	41
3970	36	37	41	42
3971	36	37	42	43
3972	36	37	43	44
3973	36	37	44	45
3974	36	37	45	46
3975	36	37	46	47
3976	36	37	47	48
3977	64	62	60	58
3978	64	62	58	56
3979	64	62	56	54
3980	64	62	54	52
3981	64	62	52	50
3982	64	62	50	48
3983	64	62	48	46
3984	64	62	46	44
3985	64	62	44	42
3986	64	62	42	40
3987	62	60	58	56
3988	62	60	56	54
3989	62	60	54	52
3990	62	60	52	50
3991	62	60	50	48
3992	62	60	48	46
3993	62	60	46	44
3994	62	60	44	42
3995	62	60	42	40
3996	62	60	40	38
3997	37	38	39	40
3998	37	38	40	41
3999	37	38	41	42
4000	37	38	42	43
4001	37	38	43	44
4002	37	38	44	45
4003	37	38	45	46
4004	37	38	46	47
4005	37	38	47	48
4006	37	38	48	49
4007	38	39	40	41
4008	38	39	41	42
4009	38	39	42	43
4010	38	39	43	44
4011	38	39	44	45
4012	38	39	45	46
4013	38	39	46	47
4014	38	39	47	48
4015	38	39	48	49
4016	38	39	49	50
4017	39	40	41	42
4018	39	40	42	43
4019	39	40	43	44
4020	39	40	44	45
4021	39	40	45	46
4022	39	40	46	47
4023	39	40	47	48
4024	39	40	48	49
4025	39	40	49	50
4026	39	40	50	51
4027	69	67	65	63
4028	69	67	63	61
4029	69	67	61	59
4030	69	67	59	57
4031	69	67	57	55
4032	69	67	55	53
4033	69	67	53	51
4034	69	67	51	49
4035	69	67	49	47
4036	69	67	47	45
4037	65	63	61	59
4038	65	63	59	57
4039	65	63	57	55
4040	65	63	55	53
4041	65	63	53	51
4042	65	63	51	49
4043	65	63	49	47
4044	65	63	47	45
4045	65	63	45	43
4046	65	63	43	41
4047	40	41	42	43
4048	40	41	43	44
4049	40	41	44	45
4050	40	41	45	46
4051	40	41	46	47
4052	40	41	47	48
4053	40	41	48	49
4054	40	41	49	50
4055	40	41	50	51
4056	40	41	51	52
4057	68	66	64	62
4058	68	66	62	60
4059	68	66	60	58
4060	68	66	58	56
4061	68	66	56	54
4062	68	66	54	52
4063	68	66	52	50
4064	68	66	50	48
4065	68	66	48	46
4066	68	66	46	44
4067	66	64	62	60
4068	66	64	60	58
4069	66	64	58	56
4070	66	64	56	54
4071	66	64	54	52
4072	66	64	52	50
4073	66	64	50	48
4074	66	64	48	46
4075	66	64	46	44
4076	66	64	44	42
4077	61	60	59	58
4078	61	60	58	57
4079	61	60	57	56
4080	61	60	56	55
4081	61	60	55	54
4082	61	60	54	53
4083	61	60	53	52
4084	61	60	52	51
4085	61	60	51	50
4086	61	60	50	49
4087	60	59	58	57
4088	60	59	57	56
4089	60	59	56	55
4090	60	59	55	54
4091	60	59	54	53
4092	60	59	53	52
4093	60	59	52	51
4094	60	59	51	50
4095	60	59	50	49
4096	60	59	49	48
4097	59	58	57	56
4098	59	58	56	55
4099	59	58	55	54
4100	59	58	54	53
4101	59	58	53	52
4102	59	58	52	51
4103	59	58	51	50
4104	59	58	50	49
4105	59	58	49	48
4106	59	58	48	47
4107	58	57	56	55
4108	58	57	55	54
4109	58	57	54	53
4110	58	57	53	52
4111	58	57	52	51
4112	58	57	51	50
4113	58	57	50	49
4114	58	57	49	48
4115	58	57	48	47
4116	58	57	47	46
4117	57	56	55	54
4118	57	56	54	53
4119	57	56	53	52
4120	57	56	52	51
4121	57	56	51	50
4122	57	56	50	49
4123	57	56	49	48
4124	57	56	48	47
4125	57	56	47	46
4126	57	56	46	45
4127	41	42	43	44
4128	41	42	44	45
4129	41	42	45	46
4130	41	42	46	47
4131	41	42	47	48
4132	41	42	48	49
4133	41	42	49	50
4134	41	42	50	51
4135	41	42	51	52
4136	41	42	52	53
4137	42	43	44	45
4138	42	43	45	46
4139	42	43	46	47
4140	42	43	47	48
4141	42	43	48	49
4142	42	43	49	50
4143	42	43	50	51
4144	42	43	51	52
4145	42	43	52	53
4146	42	43	53	54
4147	43	44	45	46
4148	43	44	46	47
4149	43	44	47	48
4150	43	44	48	49
4151	43	44	49	50
4152	43	44	50	51
4153	43	44	51	52
4154	43	44	52	53
4155	43	44	53	54
4156	43	44	54	55
4157	44	45	46	47
4158	44	45	47	48
4159	44	45	48	49
4160	44	45	49	50
4161	44	45	50	51
4162	44	45	51	52
4163	44	45	52	53
4164	44	45	53	54
4165	44	45	54	55
4166	44	45	55	56
4167	72	70	68	66
4168	72	70	66	64
4169	72	70	64	62
4170	72	70	62	60
4171	72	70	60	58
4172	72	70	58	56
4173	72	70	56	54
4174	72	70	54	52
4175	72	70	52	50
4176	72	70	50	48
4177	70	68	66	64
4178	70	68	64	62
4179	70	68	62	60
4180	70	68	60	58
4181	70	68	58	56
4182	70	68	56	54
4183	70	68	54	52
4184	70	68	52	50
4185	70	68	50	48
4186	70	68	48	46
4187	63	62	61	60
4188	63	62	60	59
4189	63	62	59	58
4190	63	62	58	57
4191	63	62	57	56
4192	63	62	56	55
4193	63	62	55	54
4194	63	62	54	53
4195	63	62	53	52
4196	63	62	52	51
4197	62	61	60	59
4198	62	61	59	58
4199	62	61	58	57
4200	62	61	57	56
4201	62	61	56	55
4202	62	61	55	54
4203	62	61	54	53
4204	62	61	53	52
4205	62	61	52	51
4206	62	61	51	50
4207	46	47	48	49
4208	46	47	49	50
4209	46	47	50	51
4210	46	47	51	52
4211	46	47	52	53
4212	46	47	53	54
4213	46	47	54	55
4214	46	47	55	56
4215	46	47	56	57
4216	46	47	57	58
4217	48	49	50	51
4218	48	49	51	52
4219	48	49	52	53
4220	48	49	53	54
4221	48	49	54	55
4222	48	49	55	56
4223	48	49	56	57
4224	48	49	57	58
4225	48	49	58	59
4226	48	49	59	60
4227	45	44	43	42
4228	45	44	42	41
4229	45	44	41	40
4230	45	44	40	39
4231	45	44	39	38
4232	45	44	38	37
4233	45	44	37	36
4234	45	44	36	35
4235	45	44	35	34
4236	45	44	34	33
4237	48	50	52	54
4238	48	50	54	56
4239	48	50	56	58
4240	48	50	58	60
4241	48	50	60	62
4242	48	50	62	64
4243	48	50	64	66
4244	48	50	66	68
4245	48	50	68	70
4246	48	50	70	72
4247	49	50	51	52
4248	49	50	52	53
4249	49	50	53	54
4250	49	50	54	55
4251	49	50	55	56
4252	49	50	56	57
4253	49	50	57	58
4254	49	50	58	59
4255	49	50	59	60
4256	49	50	60	61
4257	49	51	53	55
4258	49	51	55	57
4259	49	51	57	59
4260	49	51	59	61
4261	49	51	61	63
4262	49	51	63	65
4263	49	51	65	67
4264	49	51	67	69
4265	49	51	69	71
4266	51	49	47	45
4267	51	49	45	43
4268	51	49	43	41
4269	51	49	41	39
4270	51	49	39	37
4271	51	49	37	35
4272	51	49	35	33
4273	51	49	33	31
4274	51	49	31	29
4275	51	49	29	27
4276	65	64	63	62
4277	65	64	62	61
4278	65	64	61	60
4279	65	64	60	59
4280	65	64	59	58
4281	65	64	58	57
4282	65	64	57	56
4283	65	64	56	55
4284	65	64	55	54
4285	65	64	54	53
4286	64	63	62	61
4287	64	63	61	60
4288	64	63	60	59
4289	64	63	59	58
4290	64	63	58	57
4291	64	63	57	56
4292	64	63	56	55
4293	64	63	55	54
4294	64	63	54	53
4295	64	63	53	52
4296	50	51	52	53
4297	50	51	53	54
4298	50	51	54	55
4299	50	51	55	56
4300	50	51	56	57
4301	50	51	57	58
4302	50	51	58	59
4303	50	51	59	60
4304	50	51	60	61
4305	50	51	61	62
4306	52	50	48	46
4307	52	50	46	44
4308	52	50	44	42
4309	52	50	42	40
4310	52	50	40	38
4311	52	50	38	36
4312	52	50	36	34
4313	52	50	34	32
4314	52	50	32	30
4315	52	50	30	28
4316	46	45	44	43
4317	46	45	43	42
4318	46	45	42	41
4319	46	45	41	40
4320	46	45	40	39
4321	46	45	39	38
4322	46	45	38	37
4323	46	45	37	36
4324	46	45	36	35
4325	46	45	35	34
4326	50	52	54	56
4327	50	52	56	58
4328	50	52	58	60
4329	50	52	60	62
4330	50	52	62	64
4331	50	52	64	66
4332	50	52	66	68
4333	50	52	68	70
4334	50	52	70	72
4335	71	69	67	65
4336	71	69	65	63
4337	71	69	63	61
4338	71	69	61	59
4339	71	69	59	57
4340	71	69	57	55
4341	71	69	55	53
4342	71	69	53	51
4343	71	69	51	49
4344	71	69	49	47
4345	51	52	53	54
4346	51	52	54	55
4347	51	52	55	56
4348	51	52	56	57
4349	51	52	57	58
4350	51	52	58	59
4351	51	52	59	60
4352	51	52	60	61
4353	51	52	61	62
4354	51	52	62	63
4355	53	51	49	47
4356	53	51	47	45
4357	53	51	45	43
4358	53	51	43	41
4359	53	51	41	39
4360	53	51	39	37
4361	53	51	37	35
4362	53	51	35	33
4363	53	51	33	31
4364	53	51	31	29
4365	68	67	66	65
4366	68	67	65	64
4367	68	67	64	63
4368	68	67	63	62
4369	68	67	62	61
4370	68	67	61	60
4371	68	67	60	59
4372	68	67	59	58
4373	68	67	58	57
4374	68	67	57	56
4375	67	66	65	64
4376	67	66	64	63
4377	67	66	63	62
4378	67	66	62	61
4379	67	66	61	60
4380	67	66	60	59
4381	67	66	59	58
4382	67	66	58	57
4383	67	66	57	56
4384	67	66	56	55
4385	66	65	64	63
4386	66	65	63	62
4387	66	65	62	61
4388	66	65	61	60
4389	66	65	60	59
4390	66	65	59	58
4391	66	65	58	57
4392	66	65	57	56
4393	66	65	56	55
4394	66	65	55	54
4395	52	53	54	55
4396	52	53	55	56
4397	52	53	56	57
4398	52	53	57	58
4399	52	53	58	59
4400	52	53	59	60
4401	52	53	60	61
4402	52	53	61	62
4403	52	53	62	63
4404	52	53	63	64
4405	54	52	50	48
4406	54	52	48	46
4407	54	52	46	44
4408	54	52	44	42
4409	54	52	42	40
4410	54	52	40	38
4411	54	52	38	36
4412	54	52	36	34
4413	54	52	34	32
4414	54	52	32	30
4415	47	46	45	44
4416	47	46	44	43
4417	47	46	43	42
4418	47	46	42	41
4419	47	46	41	40
4420	47	46	40	39
4421	47	46	39	38
4422	47	46	38	37
4423	47	46	37	36
4424	47	46	36	35
4425	51	53	55	57
4426	51	53	57	59
4427	51	53	59	61
4428	51	53	61	63
4429	51	53	63	65
4430	51	53	65	67
4431	51	53	67	69
4432	51	53	69	71
4433	52	54	56	58
4434	52	54	58	60
4435	52	54	60	62
4436	52	54	62	64
4437	52	54	64	66
4438	52	54	66	68
4439	52	54	68	70
4440	52	54	70	72
4441	53	54	55	56
4442	53	54	56	57
4443	53	54	57	58
4444	53	54	58	59
4445	53	54	59	60
4446	53	54	60	61
4447	53	54	61	62
4448	53	54	62	63
4449	53	54	63	64
4450	53	54	64	65
4451	48	47	46	45
4452	48	47	45	44
4453	48	47	44	43
4454	48	47	43	42
4455	48	47	42	41
4456	48	47	41	40
4457	48	47	40	39
4458	48	47	39	38
4459	48	47	38	37
4460	48	47	37	36
4461	53	55	57	59
4462	53	55	59	61
4463	53	55	61	63
4464	53	55	63	65
4465	53	55	65	67
4466	53	55	67	69
4467	53	55	69	71
4468	54	55	56	57
4469	54	55	57	58
4470	54	55	58	59
4471	54	55	59	60
4472	54	55	60	61
4473	54	55	61	62
4474	54	55	62	63
4475	54	55	63	64
4476	54	55	64	65
4477	54	55	65	66
4478	54	56	58	60
4479	54	56	60	62
4480	54	56	62	64
4481	54	56	64	66
4482	54	56	66	68
4483	54	56	68	70
4484	54	56	70	72
4485	55	53	51	49
4486	55	53	49	47
4487	55	53	47	45
4488	55	53	45	43
4489	55	53	43	41
4490	55	53	41	39
4491	55	53	39	37
4492	55	53	37	35
4493	55	53	35	33
4494	55	53	33	31
4495	56	54	52	50
4496	56	54	50	48
4497	56	54	48	46
4498	56	54	46	44
4499	56	54	44	42
4500	56	54	42	40
4501	56	54	40	38
4502	56	54	38	36
4503	56	54	36	34
4504	56	54	34	32
4505	52	51	50	49
4506	52	51	49	48
4507	52	51	48	47
4508	52	51	47	46
4509	52	51	46	45
4510	52	51	45	44
4511	52	51	44	43
4512	52	51	43	42
4513	52	51	42	41
4514	52	51	41	40
4515	70	69	68	67
4516	70	69	67	66
4517	70	69	66	65
4518	70	69	65	64
4519	70	69	64	63
4520	70	69	63	62
4521	70	69	62	61
4522	70	69	61	60
4523	70	69	60	59
4524	70	69	59	58
4525	69	68	67	66
4526	69	68	66	65
4527	69	68	65	64
4528	69	68	64	63
4529	69	68	63	62
4530	69	68	62	61
4531	69	68	61	60
4532	69	68	60	59
4533	69	68	59	58
4534	69	68	58	57
4535	51	50	49	48
4536	51	50	48	47
4537	51	50	47	46
4538	51	50	46	45
4539	51	50	45	44
4540	51	50	44	43
4541	51	50	43	42
4542	51	50	42	41
4543	51	50	41	40
4544	51	50	40	39
4545	49	48	47	46
4546	49	48	46	45
4547	49	48	45	44
4548	49	48	44	43
4549	49	48	43	42
4550	49	48	42	41
4551	49	48	41	40
4552	49	48	40	39
4553	49	48	39	38
4554	49	48	38	37
4555	55	56	57	58
4556	55	56	58	59
4557	55	56	59	60
4558	55	56	60	61
4559	55	56	61	62
4560	55	56	62	63
4561	55	56	63	64
4562	55	56	64	65
4563	55	56	65	66
4564	55	56	66	67
4565	56	57	58	59
4566	56	57	59	60
4567	56	57	60	61
4568	56	57	61	62
4569	56	57	62	63
4570	56	57	63	64
4571	56	57	64	65
4572	56	57	65	66
4573	56	57	66	67
4574	56	57	67	68
4575	57	58	59	60
4576	57	58	60	61
4577	57	58	61	62
4578	57	58	62	63
4579	57	58	63	64
4580	57	58	64	65
4581	57	58	65	66
4582	57	58	66	67
4583	57	58	67	68
4584	57	58	68	69
4585	57	55	53	51
4586	57	55	51	49
4587	57	55	49	47
4588	57	55	47	45
4589	57	55	45	43
4590	57	55	43	41
4591	57	55	41	39
4592	57	55	39	37
4593	57	55	37	35
4594	57	55	35	33
4595	71	70	69	68
4596	71	70	68	67
4597	71	70	67	66
4598	71	70	66	65
4599	71	70	65	64
4600	71	70	64	63
4601	71	70	63	62
4602	71	70	62	61
4603	71	70	61	60
4604	71	70	60	59
4605	58	56	54	52
4606	58	56	52	50
4607	58	56	50	48
4608	58	56	48	46
4609	58	56	46	44
4610	58	56	44	42
4611	58	56	42	40
4612	58	56	40	38
4613	58	56	38	36
4614	58	56	36	34
4615	56	55	54	53
4616	56	55	53	52
4617	56	55	52	51
4618	56	55	51	50
4619	56	55	50	49
4620	56	55	49	48
4621	56	55	48	47
4622	56	55	47	46
4623	56	55	46	45
4624	56	55	45	44
4625	55	54	53	52
4626	55	54	52	51
4627	55	54	51	50
4628	55	54	50	49
4629	55	54	49	48
4630	55	54	48	47
4631	55	54	47	46
4632	55	54	46	45
4633	55	54	45	44
4634	55	54	44	43
4635	59	60	61	62
4636	59	60	62	63
4637	59	60	63	64
4638	59	60	64	65
4639	59	60	65	66
4640	59	60	66	67
4641	59	60	67	68
4642	59	60	68	69
4643	59	60	69	70
4644	59	60	70	71
4645	60	61	62	63
4646	60	61	63	64
4647	60	61	64	65
4648	60	61	65	66
4649	60	61	66	67
4650	60	61	67	68
4651	60	61	68	69
4652	60	61	69	70
4653	60	61	70	71
4654	60	61	71	72
4655	61	62	63	64
4656	61	62	64	65
4657	61	62	65	66
4658	61	62	66	67
4659	61	62	67	68
4660	61	62	68	69
4661	61	62	69	70
4662	61	62	70	71
4663	61	62	71	72
4664	62	63	64	65
4665	62	63	65	66
4666	62	63	66	67
4667	62	63	67	68
4668	62	63	68	69
4669	62	63	69	70
4670	62	63	70	71
4671	62	63	71	72
4672	63	64	65	66
4673	63	64	66	67
4674	63	64	67	68
4675	63	64	68	69
4676	63	64	69	70
4677	63	64	70	71
4678	63	64	71	72
4679	54	53	52	51
4680	54	53	51	50
4681	54	53	50	49
4682	54	53	49	48
4683	54	53	48	47
4684	54	53	47	46
4685	54	53	46	45
4686	54	53	45	44
4687	54	53	44	43
4688	54	53	43	42
4689	53	52	51	50
4690	53	52	50	49
4691	53	52	49	48
4692	53	52	48	47
4693	53	52	47	46
4694	53	52	46	45
4695	53	52	45	44
4696	53	52	44	43
4697	53	52	43	42
4698	53	52	42	41
4699	50	49	48	47
4700	50	49	47	46
4701	50	49	46	45
4702	50	49	45	44
4703	50	49	44	43
4704	50	49	43	42
4705	50	49	42	41
4706	50	49	41	40
4707	50	49	40	39
4708	50	49	39	38
4709	58	59	60	61
4710	58	59	61	62
4711	58	59	62	63
4712	58	59	63	64
4713	58	59	64	65
4714	58	59	65	66
4715	58	59	66	67
4716	58	59	67	68
4717	58	59	68	69
4718	58	59	69	70
4719	72	71	70	69
4720	72	71	69	68
4721	72	71	68	67
4722	72	71	67	66
4723	72	71	66	65
4724	72	71	65	64
4725	72	71	64	63
4726	72	71	63	62
4727	72	71	62	61
4728	72	71	61	60
4729	72	69	66	63
4730	72	69	63	60
4731	72	69	60	57
4732	72	69	57	54
4733	72	69	54	51
4734	72	69	51	48
4735	72	69	48	45
4736	72	69	45	42
4737	72	69	42	39
4738	72	69	39	36
