#	X	Y	Z
1	0	0	0
2	1	0	0
3	2	0	0
4	3	0	0
5	4	0	0
6	5	0	0
7	6	0	0
8	7	0	0
9	8	0	0
10	9	0	0
11	10	0	0
12	11	0	0
13	12	0	0
14	13	0	0
15	14	0	0
16	15	0	0
17	16	0	0
18	17	0	0
19	18	0	0
20	19	0	0
21	20	0	0
22	21	0	0
23	22	0	0
24	23	0	0
25	24	0	0
26	25	0	0
27	26	0	0
28	27	0	0
29	28	0	0
30	29	0	0
31	30	0	0
32	31	0	0
33	32	0	0
34	33	0	0
35	34	0	0
36	35	0	0
37	36	0	0
38	37	0	0
39	38	0	0
40	39	0	0
41	40	0	0
42	41	0	0
43	42	0	0
44	43	0	0
45	44	0	0
46	45	0	0
47	46	0	0
48	47	0	0
49	48	0	0
50	49	0	0
51	50	0	0
52	51	0	0
53	52	0	0
54	53	0	0
55	54	0	0
56	55	0	0
57	56	0	0
58	57	0	0
59	58	0	0
60	59	0	0
61	60	0	0
62	61	0	0
63	62	0	0
64	63	0	0
65	64	0	0
66	65	0	0
67	66	0	0
68	67	0	0
69	68	0	0
70	69	0	0
71	70	0	0
72	71	0	0
#	A	B	M	N
1	46	49	47	48
2	47	50	48	49
3	48	51	49	50
4	49	52	50	51
5	50	53	51	52
6	51	54	52	53
7	52	55	53	54
8	53	56	54	55
9	54	57	55	56
10	55	58	56	57
11	56	59	57	58
12	57	60	58	59
13	58	61	59	60
14	59	62	60	61
15	60	63	61	62
16	61	64	62	63
17	62	65	63	64
18	63	66	64	65
19	64	67	65	66
20	65	68	66	67
21	66	69	67	68
22	67	70	68	69
23	68	71	69	70
24	69	72	70	71
25	45	49	46	48
26	46	50	47	49
27	47	51	48	50
28	48	52	49	51
29	49	53	50	52
30	50	54	51	53
31	51	55	52	54
32	52	56	53	55
33	53	57	54	56
34	54	58	55	57
35	55	59	56	58
36	56	60	57	59
37	57	61	58	60
38	58	62	59	61
39	59	63	60	62
40	60	64	61	63
41	61	65	62	64
42	62	66	63	65
43	63	67	64	66
44	64	68	65	67
45	65	69	66	68
46	66	70	67	69
47	67	71	68	70
48	68	72	69	71
49	43	49	44	48
50	43	49	48	45
51	43	49	45	47
52	44	50	45	49
53	44	50	49	46
54	44	50	46	48
55	45	51	46	50
56	45	51	50	47
57	45	51	47	49
58	46	52	47	51
59	46	52	51	48
60	46	52	48	50
61	47	53	48	52
62	47	53	52	49
63	47	53	49	51
64	48	54	49	53
65	48	54	53	50
66	48	54	50	52
67	49	55	50	54
68	49	55	54	51
69	49	55	51	53
70	50	56	51	55
71	50	56	55	52
72	50	56	52	54
73	51	57	52	56
74	51	57	56	53
75	51	57	53	55
76	52	58	53	57
77	52	58	57	54
78	52	58	54	56
79	53	59	54	58
80	53	59	58	55
81	53	59	55	57
82	54	60	55	59
83	54	60	59	56
84	54	60	56	58
85	55	61	56	60
86	55	61	60	57
87	55	61	57	59
88	56	62	57	61
89	56	62	61	58
90	56	62	58	60
91	57	63	58	62
92	57	63	62	59
93	57	63	59	61
94	58	64	59	63
95	58	64	63	60
96	58	64	60	62
97	59	65	60	64
98	59	65	64	61
99	59	65	61	63
100	60	66	61	65
101	60	66	65	62
102	60	66	62	64
103	61	67	62	66
104	61	67	66	63
105	61	67	63	65
106	62	68	63	67
107	62	68	67	64
108	62	68	64	66
109	63	69	64	68
110	63	69	68	65
111	63	69	65	67
112	64	70	65	69
113	64	70	69	66
114	64	70	66	68
115	65	71	66	70
116	65	71	70	67
117	65	71	67	69
118	66	72	67	71
119	66	72	71	68
120	66	72	68	70
121	40	49	41	48
122	40	49	48	42
123	40	49	42	47
124	40	49	47	43
125	40	49	43	46
126	40	49	46	44
127	40	49	44	45
128	41	50	42	49
129	41	50	49	43
130	41	50	43	48
131	41	50	48	44
132	41	50	44	47
133	41	50	47	45
134	41	50	45	46
135	42	51	43	50
136	42	51	50	44
137	42	51	44	49
138	42	51	49	45
139	42	51	45	48
140	42	51	48	46
141	42	51	46	47
142	43	52	44	51
143	43	52	51	45
144	43	52	45	50
145	43	52	50	46
146	43	52	46	49
147	43	52	49	47
148	43	52	47	48
149	44	53	45	52
150	44	53	52	46
151	44	53	46	51
152	44	53	51	47
153	44	53	47	50
154	44	53	50	48
155	44	53	48	49
156	45	54	46	53
157	45	54	53	47
158	45	54	47	52
159	45	54	52	48
160	45	54	48	51
161	45	54	51	49
162	45	54	49	50
163	46	55	47	54
164	46	55	54	48
165	46	55	48	53
166	46	55	53	49
167	46	55	49	52
168	46	55	52	50
169	46	55	50	51
170	47	56	48	55
171	47	56	55	49
172	47	56	49	54
173	47	56	54	50
174	47	56	50	53
175	47	56	53	51
176	47	56	51	52
177	48	57	49	56
178	48	57	56	50
179	48	57	50	55
180	48	57	55	51
181	48	57	51	54
182	48	57	54	52
183	48	57	52	53
184	49	58	50	57
185	49	58	57	51
186	49	58	51	56
187	49	58	56	52
188	49	58	52	55
189	49	58	55	53
190	49	58	53	54
191	50	59	51	58
192	50	59	58	52
193	50	59	52	57
194	50	59	57	53
195	50	59	53	56
196	50	59	56	54
197	50	59	54	55
198	51	60	52	59
199	51	60	59	53
200	51	60	53	58
201	51	60	58	54
202	51	60	54	57
203	51	60	57	55
204	51	60	55	56
205	52	61	53	60
206	52	61	60	54
207	52	61	54	59
208	52	61	59	55
209	52	61	55	58
210	52	61	58	56
211	52	61	56	57
212	53	62	54	61
213	53	62	61	55
214	53	62	55	60
215	53	62	60	56
216	53	62	56	59
217	53	62	59	57
218	53	62	57	58
219	54	63	55	62
220	54	63	62	56
221	54	63	56	61
222	54	63	61	57
223	54	63	57	60
224	54	63	60	58
225	54	63	58	59
226	55	64	56	63
227	55	64	63	57
228	55	64	57	62
229	55	64	62	58
230	55	64	58	61
231	55	64	61	59
232	55	64	59	60
233	56	65	57	64
234	56	65	64	58
235	56	65	58	63
236	56	65	63	59
237	56	65	59	62
238	56	65	62	60
239	56	65	60	61
240	57	66	58	65
241	57	66	65	59
242	57	66	59	64
243	57	66	64	60
244	57	66	60	63
245	57	66	63	61
246	57	66	61	62
247	58	67	59	66
248	58	67	66	60
249	58	67	60	65
250	58	67	65	61
251	58	67	61	64
252	58	67	64	62
253	58	67	62	63
254	59	68	60	67
255	59	68	67	61
256	59	68	61	66
257	59	68	66	62
258	59	68	62	65
259	59	68	65	63
260	59	68	63	64
261	60	69	61	68
262	60	69	68	62
263	60	69	62	67
264	60	69	67	63
265	60	69	63	66
266	60	69	66	64
267	60	69	64	65
268	61	70	62	69
269	61	70	69	63
270	61	70	63	68
271	61	70	68	64
272	61	70	64	67
273	61	70	67	65
274	61	70	65	66
275	62	71	63	70
276	62	71	70	64
277	62	71	64	69
278	62	71	69	65
279	62	71	65	68
280	62	71	68	66
281	62	71	66	67
282	63	72	64	71
283	63	72	71	65
284	63	72	65	70
285	63	72	70	66
286	63	72	66	69
287	63	72	69	67
288	63	72	67	68
289	37	49	38	48
290	37	49	48	39
291	37	49	39	47
292	37	49	47	40
293	37	49	40	46
294	37	49	46	41
295	37	49	41	45
296	37	49	45	42
297	37	49	42	44
298	38	50	39	49
299	38	50	49	40
300	38	50	40	48
301	38	50	48	41
302	38	50	41	47
303	38	50	47	42
304	38	50	42	46
305	38	50	46	43
306	38	50	43	45
307	39	51	40	50
308	39	51	50	41
309	39	51	41	49
310	39	51	49	42
311	39	51	42	48
312	39	51	48	43
313	39	51	43	47
314	39	51	47	44
315	39	51	44	46
316	40	52	41	51
317	40	52	51	42
318	40	52	42	50
319	40	52	50	43
320	40	52	43	49
321	40	52	49	44
322	40	52	44	48
323	40	52	48	45
324	40	52	45	47
325	41	53	42	52
326	41	53	52	43
327	41	53	43	51
328	41	53	51	44
329	41	53	44	50
330	41	53	50	45
331	41	53	45	49
332	41	53	49	46
333	41	53	46	48
334	42	54	43	53
335	42	54	53	44
336	42	54	44	52
337	42	54	52	45
338	42	54	45	51
339	42	54	51	46
340	42	54	46	50
341	42	54	50	47
342	42	54	47	49
343	43	55	44	54
344	43	55	54	45
345	43	55	45	53
346	43	55	53	46
347	43	55	46	52
348	43	55	52	47
349	43	55	47	51
350	43	55	51	48
351	43	55	48	50
352	44	56	45	55
353	44	56	55	46
354	44	56	46	54
355	44	56	54	47
356	44	56	47	53
357	44	56	53	48
358	44	56	48	52
359	44	56	52	49
360	44	56	49	51
361	45	57	46	56
362	45	57	56	47
363	45	57	47	55
364	45	57	55	48
365	45	57	48	54
366	45	57	54	49
367	45	57	49	53
368	45	57	53	50
369	45	57	50	52
370	46	58	47	57
371	46	58	57	48
372	46	58	48	56
373	46	58	56	49
374	46	58	49	55
375	46	58	55	50
376	46	58	50	54
377	46	58	54	51
378	46	58	51	53
379	47	59	48	58
380	47	59	58	49
381	47	59	49	57
382	47	59	57	50
383	47	59	50	56
384	47	59	56	51
385	47	59	51	55
386	47	59	55	52
387	47	59	52	54
388	48	60	49	59
389	48	60	59	50
390	48	60	50	58
391	48	60	58	51
392	48	60	51	57
393	48	60	57	52
394	48	60	52	56
395	48	60	56	53
396	48	60	53	55
397	49	61	50	60
398	49	61	60	51
399	49	61	51	59
400	49	61	59	52
401	49	61	52	58
402	49	61	58	53
403	49	61	53	57
404	49	61	57	54
405	49	61	54	56
406	50	62	51	61
407	50	62	61	52
408	50	62	52	60
409	50	62	60	53
410	50	62	53	59
411	50	62	59	54
412	50	62	54	58
413	50	62	58	55
414	50	62	55	57
415	51	63	52	62
416	51	63	62	53
417	51	63	53	61
418	51	63	61	54
419	51	63	54	60
420	51	63	60	55
421	51	63	55	59
422	51	63	59	56
423	51	63	56	58
424	52	64	53	63
425	52	64	63	54
426	52	64	54	62
427	52	64	62	55
428	52	64	55	61
429	52	64	61	56
430	52	64	56	60
431	52	64	60	57
432	52	64	57	59
433	53	65	54	64
434	53	65	64	55
435	53	65	55	63
436	53	65	63	56
437	53	65	56	62
438	53	65	62	57
439	53	65	57	61
440	53	65	61	58
441	53	65	58	60
442	54	66	55	65
443	54	66	65	56
444	54	66	56	64
445	54	66	64	57
446	54	66	57	63
447	54	66	63	58
448	54	66	58	62
449	54	66	62	59
450	54	66	59	61
451	55	67	56	66
452	55	67	66	57
453	55	67	57	65
454	55	67	65	58
455	55	67	58	64
456	55	67	64	59
457	55	67	59	63
458	55	67	63	60
459	55	67	60	62
460	56	68	57	67
461	56	68	67	58
462	56	68	58	66
463	56	68	66	59
464	56	68	59	65
465	56	68	65	60
466	56	68	60	64
467	56	68	64	61
468	56	68	61	63
469	57	69	58	68
470	57	69	68	59
471	57	69	59	67
472	57	69	67	60
473	57	69	60	66
474	57	69	66	61
475	57	69	61	65
476	57	69	65	62
477	57	69	62	64
478	58	70	59	69
479	58	70	69	60
480	58	70	60	68
481	58	70	68	61
482	58	70	61	67
483	58	70	67	62
484	58	70	62	66
485	58	70	66	63
486	58	70	63	65
487	59	71	60	70
488	59	71	70	61
489	59	71	61	69
490	59	71	69	62
491	59	71	62	68
492	59	71	68	63
493	59	71	63	67
494	59	71	67	64
495	59	71	64	66
496	60	72	61	71
497	60	72	71	62
498	60	72	62	70
499	60	72	70	63
500	60	72	63	69
501	60	72	69	64
502	60	72	64	68
503	60	72	68	65
504	60	72	65	67
505	34	49	35	48
506	34	49	48	36
507	34	49	36	47
508	34	49	47	37
509	34	49	37	46
510	34	49	46	38
511	34	49	38	45
512	34	49	45	39
513	34	49	39	44
514	35	50	36	49
515	35	50	49	37
516	35	50	37	48
517	35	50	48	38
518	35	50	38	47
519	35	50	47	39
520	35	50	39	46
521	35	50	46	40
522	35	50	40	45
523	36	51	37	50
524	36	51	50	38
525	36	51	38	49
526	36	51	49	39
527	36	51	39	48
528	36	51	48	40
529	36	51	40	47
530	36	51	47	41
531	36	51	41	46
532	37	52	38	51
533	37	52	51	39
534	37	52	39	50
535	37	52	50	40
536	37	52	40	49
537	37	52	49	41
538	37	52	41	48
539	37	52	48	42
540	37	52	42	47
541	38	53	39	52
542	38	53	52	40
543	38	53	40	51
544	38	53	51	41
545	38	53	41	50
546	38	53	50	42
547	38	53	42	49
548	38	53	49	43
549	38	53	43	48
550	39	54	40	53
551	39	54	53	41
552	39	54	41	52
553	39	54	52	42
554	39	54	42	51
555	39	54	51	43
556	39	54	43	50
557	39	54	50	44
558	39	54	44	49
559	40	55	41	54
560	40	55	54	42
561	40	55	42	53
562	40	55	53	43
563	40	55	43	52
564	40	55	52	44
565	40	55	44	51
566	40	55	51	45
567	40	55	45	50
568	41	56	42	55
569	41	56	55	43
570	41	56	43	54
571	41	56	54	44
572	41	56	44	53
573	41	56	53	45
574	41	56	45	52
575	41	56	52	46
576	41	56	46	51
577	42	57	43	56
578	42	57	56	44
579	42	57	44	55
580	42	57	55	45
581	42	57	45	54
582	42	57	54	46
583	42	57	46	53
584	42	57	53	47
585	42	57	47	52
586	43	58	44	57
587	43	58	57	45
588	43	58	45	56
589	43	58	56	46
590	43	58	46	55
591	43	58	55	47
592	43	58	47	54
593	43	58	54	48
594	43	58	48	53
595	44	59	45	58
596	44	59	58	46
597	44	59	46	57
598	44	59	57	47
599	44	59	47	56
600	44	59	56	48
601	44	59	48	55
602	44	59	55	49
603	44	59	49	54
604	45	60	46	59
605	45	60	59	47
606	45	60	47	58
607	45	60	58	48
608	45	60	48	57
609	45	60	57	49
610	45	60	49	56
611	45	60	56	50
612	45	60	50	55
613	46	61	47	60
614	46	61	60	48
615	46	61	48	59
616	46	61	59	49
617	46	61	49	58
618	46	61	58	50
619	46	61	50	57
620	46	61	57	51
621	46	61	51	56
622	47	62	48	61
623	47	62	61	49
624	47	62	49	60
625	47	62	60	50
626	47	62	50	59
627	47	62	59	51
628	47	62	51	58
629	47	62	58	52
630	47	62	52	57
631	48	63	49	62
632	48	63	62	50
633	48	63	50	61
634	48	63	61	51
635	48	63	51	60
636	48	63	60	52
637	48	63	52	59
638	48	63	59	53
639	48	63	53	58
640	49	64	50	63
641	49	64	63	51
642	49	64	51	62
643	49	64	62	52
644	49	64	52	61
645	49	64	61	53
646	49	64	53	60
647	49	64	60	54
648	49	64	54	59
649	50	65	51	64
650	50	65	64	52
651	50	65	52	63
652	50	65	63	53
653	50	65	53	62
654	50	65	62	54
655	50	65	54	61
656	50	65	61	55
657	50	65	55	60
658	51	66	52	65
659	51	66	65	53
660	51	66	53	64
661	51	66	64	54
662	51	66	54	63
663	51	66	63	55
664	51	66	55	62
665	51	66	62	56
666	51	66	56	61
667	52	67	53	66
668	52	67	66	54
669	52	67	54	65
670	52	67	65	55
671	52	67	55	64
672	52	67	64	56
673	52	67	56	63
674	52	67	63	57
675	52	67	57	62
676	53	68	54	67
677	53	68	67	55
678	53	68	55	66
679	53	68	66	56
680	53	68	56	65
681	53	68	65	57
682	53	68	57	64
683	53	68	64	58
684	53	68	58	63
685	54	69	55	68
686	54	69	68	56
687	54	69	56	67
688	54	69	67	57
689	54	69	57	66
690	54	69	66	58
691	54	69	58	65
692	54	69	65	59
693	54	69	59	64
694	55	70	56	69
695	55	70	69	57
696	55	70	57	68
697	55	70	68	58
698	55	70	58	67
699	55	70	67	59
700	55	70	59	66
701	55	70	66	60
702	55	70	60	65
703	56	71	57	70
704	56	71	70	58
705	56	71	58	69
706	56	71	69	59
707	56	71	59	68
708	56	71	68	60
709	56	71	60	67
710	56	71	67	61
711	56	71	61	66
712	57	72	58	71
713	57	72	71	59
714	57	72	59	70
715	57	72	70	60
716	57	72	60	69
717	57	72	69	61
718	57	72	61	68
719	57	72	68	62
720	57	72	62	67
721	31	49	32	48
722	31	49	48	33
723	31	49	33	47
724	31	49	47	34
725	31	49	34	46
726	31	49	46	35
727	31	49	35	45
728	31	49	45	36
729	31	49	36	44
730	32	50	33	49
731	32	50	49	34
732	32	50	34	48
733	32	50	48	35
734	32	50	35	47
735	32	50	47	36
736	32	50	36	46
737	32	50	46	37
738	32	50	37	45
739	33	51	34	50
740	33	51	50	35
741	33	51	35	49
742	33	51	49	36
743	33	51	36	48
744	33	51	48	37
745	33	51	37	47
746	33	51	47	38
747	33	51	38	46
748	34	52	35	51
749	34	52	51	36
750	34	52	36	50
751	34	52	50	37
752	34	52	37	49
753	34	52	49	38
754	34	52	38	48
755	34	52	48	39
756	34	52	39	47
757	35	53	36	52
758	35	53	52	37
759	35	53	37	51
760	35	53	51	38
761	35	53	38	50
762	35	53	50	39
763	35	53	39	49
764	35	53	49	40
765	35	53	40	48
766	36	54	37	53
767	36	54	53	38
768	36	54	38	52
769	36	54	52	39
770	36	54	39	51
771	36	54	51	40
772	36	54	40	50
773	36	54	50	41
774	36	54	41	49
775	37	55	38	54
776	37	55	54	39
777	37	55	39	53
778	37	55	53	40
779	37	55	40	52
780	37	55	52	41
781	37	55	41	51
782	37	55	51	42
783	37	55	42	50
784	38	56	39	55
785	38	56	55	40
786	38	56	40	54
787	38	56	54	41
788	38	56	41	53
789	38	56	53	42
790	38	56	42	52
791	38	56	52	43
792	38	56	43	51
793	39	57	40	56
794	39	57	56	41
795	39	57	41	55
796	39	57	55	42
797	39	57	42	54
798	39	57	54	43
799	39	57	43	53
800	39	57	53	44
801	39	57	44	52
802	40	58	41	57
803	40	58	57	42
804	40	58	42	56
805	40	58	56	43
806	40	58	43	55
807	40	58	55	44
808	40	58	44	54
809	40	58	54	45
810	40	58	45	53
811	41	59	42	58
812	41	59	58	43
813	41	59	43	57
814	41	59	57	44
815	41	59	44	56
816	41	59	56	45
817	41	59	45	55
818	41	59	55	46
819	41	59	46	54
820	42	60	43	59
821	42	60	59	44
822	42	60	44	58
823	42	60	58	45
824	42	60	45	57
825	42	60	57	46
826	42	60	46	56
827	42	60	56	47
828	42	60	47	55
829	43	61	44	60
830	43	61	60	45
831	43	61	45	59
832	43	61	59	46
833	43	61	46	58
834	43	61	58	47
835	43	61	47	57
836	43	61	57	48
837	43	61	48	56
838	44	62	45	61
839	44	62	61	46
840	44	62	46	60
841	44	62	60	47
842	44	62	47	59
843	44	62	59	48
844	44	62	48	58
845	44	62	58	49
846	44	62	49	57
847	45	63	46	62
848	45	63	62	47
849	45	63	47	61
850	45	63	61	48
851	45	63	48	60
852	45	63	60	49
853	45	63	49	59
854	45	63	59	50
855	45	63	50	58
856	46	64	47	63
857	46	64	63	48
858	46	64	48	62
859	46	64	62	49
860	46	64	49	61
861	46	64	61	50
862	46	64	50	60
863	46	64	60	51
864	46	64	51	59
865	47	65	48	64
866	47	65	64	49
867	47	65	49	63
868	47	65	63	50
869	47	65	50	62
870	47	65	62	51
871	47	65	51	61
872	47	65	61	52
873	47	65	52	60
874	48	66	49	65
875	48	66	65	50
876	48	66	50	64
877	48	66	64	51
878	48	66	51	63
879	48	66	63	52
880	48	66	52	62
881	48	66	62	53
882	48	66	53	61
883	49	67	50	66
884	49	67	66	51
885	49	67	51	65
886	49	67	65	52
887	49	67	52	64
888	49	67	64	53
889	49	67	53	63
890	49	67	63	54
891	49	67	54	62
892	50	68	51	67
893	50	68	67	52
894	50	68	52	66
895	50	68	66	53
896	50	68	53	65
897	50	68	65	54
898	50	68	54	64
899	50	68	64	55
900	50	68	55	63
901	51	69	52	68
902	51	69	68	53
903	51	69	53	67
904	51	69	67	54
905	51	69	54	66
906	51	69	66	55
907	51	69	55	65
908	51	69	65	56
909	51	69	56	64
910	52	70	53	69
911	52	70	69	54
912	52	70	54	68
913	52	70	68	55
914	52	70	55	67
915	52	70	67	56
916	52	70	56	66
917	52	70	66	57
918	52	70	57	65
919	53	71	54	70
920	53	71	70	55
921	53	71	55	69
922	53	71	69	56
923	53	71	56	68
924	53	71	68	57
925	53	71	57	67
926	53	71	67	58
927	53	71	58	66
928	54	72	55	71
929	54	72	71	56
930	54	72	56	70
931	54	72	70	57
932	54	72	57	69
933	54	72	69	58
934	54	72	58	68
935	54	72	68	59
936	54	72	59	67
937	27	49	29	47
938	27	49	47	31
939	27	49	31	45
940	27	49	45	33
941	27	49	33	43
942	27	49	43	35
943	27	49	35	41
944	27	49	41	37
945	27	49	37	39
946	28	50	30	48
947	28	50	48	32
948	28	50	32	46
949	28	50	46	34
950	28	50	34	44
951	28	50	44	36
952	28	50	36	42
953	28	50	42	38
954	28	50	38	40
955	29	51	31	49
956	29	51	49	33
957	29	51	33	47
958	29	51	47	35
959	29	51	35	45
960	29	51	45	37
961	29	51	37	43
962	29	51	43	39
963	29	51	39	41
964	30	52	32	50
965	30	52	50	34
966	30	52	34	48
967	30	52	48	36
968	30	52	36	46
969	30	52	46	38
970	30	52	38	44
971	30	52	44	40
972	30	52	40	42
973	31	53	33	51
974	31	53	51	35
975	31	53	35	49
976	31	53	49	37
977	31	53	37	47
978	31	53	47	39
979	31	53	39	45
980	31	53	45	41
981	31	53	41	43
982	32	54	34	52
983	32	54	52	36
984	32	54	36	50
985	32	54	50	38
986	32	54	38	48
987	32	54	48	40
988	32	54	40	46
989	32	54	46	42
990	32	54	42	44
991	33	55	35	53
992	33	55	53	37
993	33	55	37	51
994	33	55	51	39
995	33	55	39	49
996	33	55	49	41
997	33	55	41	47
998	33	55	47	43
999	33	55	43	45
1000	34	56	36	54
1001	34	56	54	38
1002	34	56	38	52
1003	34	56	52	40
1004	34	56	40	50
1005	34	56	50	42
1006	34	56	42	48
1007	34	56	48	44
1008	34	56	44	46
1009	35	57	37	55
1010	35	57	55	39
1011	35	57	39	53
1012	35	57	53	41
1013	35	57	41	51
1014	35	57	51	43
1015	35	57	43	49
1016	35	57	49	45
1017	35	57	45	47
1018	36	58	38	56
1019	36	58	56	40
1020	36	58	40	54
1021	36	58	54	42
1022	36	58	42	52
1023	36	58	52	44
1024	36	58	44	50
1025	36	58	50	46
1026	36	58	46	48
1027	37	59	39	57
1028	37	59	57	41
1029	37	59	41	55
1030	37	59	55	43
1031	37	59	43	53
1032	37	59	53	45
1033	37	59	45	51
1034	37	59	51	47
1035	37	59	47	49
1036	38	60	40	58
1037	38	60	58	42
1038	38	60	42	56
1039	38	60	56	44
1040	38	60	44	54
1041	38	60	54	46
1042	38	60	46	52
1043	38	60	52	48
1044	38	60	48	50
1045	39	61	41	59
1046	39	61	59	43
1047	39	61	43	57
1048	39	61	57	45
1049	39	61	45	55
1050	39	61	55	47
1051	39	61	47	53
1052	39	61	53	49
1053	39	61	49	51
1054	40	62	42	60
1055	40	62	60	44
1056	40	62	44	58
1057	40	62	58	46
1058	40	62	46	56
1059	40	62	56	48
1060	40	62	48	54
1061	40	62	54	50
1062	40	62	50	52
1063	41	63	43	61
1064	41	63	61	45
1065	41	63	45	59
1066	41	63	59	47
1067	41	63	47	57
1068	41	63	57	49
1069	41	63	49	55
1070	41	63	55	51
1071	41	63	51	53
1072	42	64	44	62
1073	42	64	62	46
1074	42	64	46	60
1075	42	64	60	48
1076	42	64	48	58
1077	42	64	58	50
1078	42	64	50	56
1079	42	64	56	52
1080	42	64	52	54
1081	43	65	45	63
1082	43	65	63	47
1083	43	65	47	61
1084	43	65	61	49
1085	43	65	49	59
1086	43	65	59	51
1087	43	65	51	57
1088	43	65	57	53
1089	43	65	53	55
1090	44	66	46	64
1091	44	66	64	48
1092	44	66	48	62
1093	44	66	62	50
1094	44	66	50	60
1095	44	66	60	52
1096	44	66	52	58
1097	44	66	58	54
1098	44	66	54	56
1099	45	67	47	65
1100	45	67	65	49
1101	45	67	49	63
1102	45	67	63	51
1103	45	67	51	61
1104	45	67	61	53
1105	45	67	53	59
1106	45	67	59	55
1107	45	67	55	57
1108	46	68	48	66
1109	46	68	66	50
1110	46	68	50	64
1111	46	68	64	52
1112	46	68	52	62
1113	46	68	62	54
1114	46	68	54	60
1115	46	68	60	56
1116	46	68	56	58
1117	47	69	49	67
1118	47	69	67	51
1119	47	69	51	65
1120	47	69	65	53
1121	47	69	53	63
1122	47	69	63	55
1123	47	69	55	61
1124	47	69	61	57
1125	47	69	57	59
1126	48	70	50	68
1127	48	70	68	52
1128	48	70	52	66
1129	48	70	66	54
1130	48	70	54	64
1131	48	70	64	56
1132	48	70	56	62
1133	48	70	62	58
1134	48	70	58	60
1135	49	71	51	69
1136	49	71	69	53
1137	49	71	53	67
1138	49	71	67	55
1139	49	71	55	65
1140	49	71	65	57
1141	49	71	57	63
1142	49	71	63	59
1143	49	71	59	61
1144	50	72	52	70
1145	50	72	70	54
1146	50	72	54	68
1147	50	72	68	56
1148	50	72	56	66
1149	50	72	66	58
1150	50	72	58	64
1151	50	72	64	60
1152	50	72	60	62
1153	23	49	25	47
1154	23	49	47	27
1155	23	49	27	45
1156	23	49	45	29
1157	23	49	29	43
1158	23	49	43	31
1159	23	49	31	41
1160	23	49	41	33
1161	23	49	33	39
1162	24	50	26	48
1163	24	50	48	28
1164	24	50	28	46
1165	24	50	46	30
1166	24	50	30	44
1167	24	50	44	32
1168	24	50	32	42
1169	24	50	42	34
1170	24	50	34	40
1171	25	51	27	49
1172	25	51	49	29
1173	25	51	29	47
1174	25	51	47	31
1175	25	51	31	45
1176	25	51	45	33
1177	25	51	33	43
1178	25	51	43	35
1179	25	51	35	41
1180	26	52	28	50
1181	26	52	50	30
1182	26	52	30	48
1183	26	52	48	32
1184	26	52	32	46
1185	26	52	46	34
1186	26	52	34	44
1187	26	52	44	36
1188	26	52	36	42
1189	27	53	29	51
1190	27	53	51	31
1191	27	53	31	49
1192	27	53	49	33
1193	27	53	33	47
1194	27	53	47	35
1195	27	53	35	45
1196	27	53	45	37
1197	27	53	37	43
1198	28	54	30	52
1199	28	54	52	32
1200	28	54	32	50
1201	28	54	50	34
1202	28	54	34	48
1203	28	54	48	36
1204	28	54	36	46
1205	28	54	46	38
1206	28	54	38	44
1207	29	55	31	53
1208	29	55	53	33
1209	29	55	33	51
1210	29	55	51	35
1211	29	55	35	49
1212	29	55	49	37
1213	29	55	37	47
1214	29	55	47	39
1215	29	55	39	45
1216	30	56	32	54
1217	30	56	54	34
1218	30	56	34	52
1219	30	56	52	36
1220	30	56	36	50
1221	30	56	50	38
1222	30	56	38	48
1223	30	56	48	40
1224	30	56	40	46
1225	31	57	33	55
1226	31	57	55	35
1227	31	57	35	53
1228	31	57	53	37
1229	31	57	37	51
1230	31	57	51	39
1231	31	57	39	49
1232	31	57	49	41
1233	31	57	41	47
1234	32	58	34	56
1235	32	58	56	36
1236	32	58	36	54
1237	32	58	54	38
1238	32	58	38	52
1239	32	58	52	40
1240	32	58	40	50
1241	32	58	50	42
1242	32	58	42	48
1243	33	59	35	57
1244	33	59	57	37
1245	33	59	37	55
1246	33	59	55	39
1247	33	59	39	53
1248	33	59	53	41
1249	33	59	41	51
1250	33	59	51	43
1251	33	59	43	49
1252	34	60	36	58
1253	34	60	58	38
1254	34	60	38	56
1255	34	60	56	40
1256	34	60	40	54
1257	34	60	54	42
1258	34	60	42	52
1259	34	60	52	44
1260	34	60	44	50
1261	35	61	37	59
1262	35	61	59	39
1263	35	61	39	57
1264	35	61	57	41
1265	35	61	41	55
1266	35	61	55	43
1267	35	61	43	53
1268	35	61	53	45
1269	35	61	45	51
1270	36	62	38	60
1271	36	62	60	40
1272	36	62	40	58
1273	36	62	58	42
1274	36	62	42	56
1275	36	62	56	44
1276	36	62	44	54
1277	36	62	54	46
1278	36	62	46	52
1279	37	63	39	61
1280	37	63	61	41
1281	37	63	41	59
1282	37	63	59	43
1283	37	63	43	57
1284	37	63	57	45
1285	37	63	45	55
1286	37	63	55	47
1287	37	63	47	53
1288	38	64	40	62
1289	38	64	62	42
1290	38	64	42	60
1291	38	64	60	44
1292	38	64	44	58
1293	38	64	58	46
1294	38	64	46	56
1295	38	64	56	48
1296	38	64	48	54
1297	39	65	41	63
1298	39	65	63	43
1299	39	65	43	61
1300	39	65	61	45
1301	39	65	45	59
1302	39	65	59	47
1303	39	65	47	57
1304	39	65	57	49
1305	39	65	49	55
1306	40	66	42	64
1307	40	66	64	44
1308	40	66	44	62
1309	40	66	62	46
1310	40	66	46	60
1311	40	66	60	48
1312	40	66	48	58
1313	40	66	58	50
1314	40	66	50	56
1315	41	67	43	65
1316	41	67	65	45
1317	41	67	45	63
1318	41	67	63	47
1319	41	67	47	61
1320	41	67	61	49
1321	41	67	49	59
1322	41	67	59	51
1323	41	67	51	57
1324	42	68	44	66
1325	42	68	66	46
1326	42	68	46	64
1327	42	68	64	48
1328	42	68	48	62
1329	42	68	62	50
1330	42	68	50	60
1331	42	68	60	52
1332	42	68	52	58
1333	43	69	45	67
1334	43	69	67	47
1335	43	69	47	65
1336	43	69	65	49
1337	43	69	49	63
1338	43	69	63	51
1339	43	69	51	61
1340	43	69	61	53
1341	43	69	53	59
1342	44	70	46	68
1343	44	70	68	48
1344	44	70	48	66
1345	44	70	66	50
1346	44	70	50	64
1347	44	70	64	52
1348	44	70	52	62
1349	44	70	62	54
1350	44	70	54	60
1351	45	71	47	69
1352	45	71	69	49
1353	45	71	49	67
1354	45	71	67	51
1355	45	71	51	65
1356	45	71	65	53
1357	45	71	53	63
1358	45	71	63	55
1359	45	71	55	61
1360	46	72	48	70
1361	46	72	70	50
1362	46	72	50	68
1363	46	72	68	52
1364	46	72	52	66
1365	46	72	66	54
1366	46	72	54	64
1367	46	72	64	56
1368	46	72	56	62
1369	19	49	21	47
1370	19	49	47	23
1371	19	49	23	45
1372	19	49	45	25
1373	19	49	25	43
1374	19	49	43	27
1375	19	49	27	41
1376	19	49	41	29
1377	19	49	29	39
1378	20	50	22	48
1379	20	50	48	24
1380	20	50	24	46
1381	20	50	46	26
1382	20	50	26	44
1383	20	50	44	28
1384	20	50	28	42
1385	20	50	42	30
1386	20	50	30	40
1387	21	51	23	49
1388	21	51	49	25
1389	21	51	25	47
1390	21	51	47	27
1391	21	51	27	45
1392	21	51	45	29
1393	21	51	29	43
1394	21	51	43	31
1395	21	51	31	41
1396	22	52	24	50
1397	22	52	50	26
1398	22	52	26	48
1399	22	52	48	28
1400	22	52	28	46
1401	22	52	46	30
1402	22	52	30	44
1403	22	52	44	32
1404	22	52	32	42
1405	23	53	25	51
1406	23	53	51	27
1407	23	53	27	49
1408	23	53	49	29
1409	23	53	29	47
1410	23	53	47	31
1411	23	53	31	45
1412	23	53	45	33
1413	23	53	33	43
1414	24	54	26	52
1415	24	54	52	28
1416	24	54	28	50
1417	24	54	50	30
1418	24	54	30	48
1419	24	54	48	32
1420	24	54	32	46
1421	24	54	46	34
1422	24	54	34	44
1423	25	55	27	53
1424	25	55	53	29
1425	25	55	29	51
1426	25	55	51	31
1427	25	55	31	49
1428	25	55	49	33
1429	25	55	33	47
1430	25	55	47	35
1431	25	55	35	45
1432	26	56	28	54
1433	26	56	54	30
1434	26	56	30	52
1435	26	56	52	32
1436	26	56	32	50
1437	26	56	50	34
1438	26	56	34	48
1439	26	56	48	36
1440	26	56	36	46
1441	27	57	29	55
1442	27	57	55	31
1443	27	57	31	53
1444	27	57	53	33
1445	27	57	33	51
1446	27	57	51	35
1447	27	57	35	49
1448	27	57	49	37
1449	27	57	37	47
1450	28	58	30	56
1451	28	58	56	32
1452	28	58	32	54
1453	28	58	54	34
1454	28	58	34	52
1455	28	58	52	36
1456	28	58	36	50
1457	28	58	50	38
1458	28	58	38	48
1459	29	59	31	57
1460	29	59	57	33
1461	29	59	33	55
1462	29	59	55	35
1463	29	59	35	53
1464	29	59	53	37
1465	29	59	37	51
1466	29	59	51	39
1467	29	59	39	49
1468	30	60	32	58
1469	30	60	58	34
1470	30	60	34	56
1471	30	60	56	36
1472	30	60	36	54
1473	30	60	54	38
1474	30	60	38	52
1475	30	60	52	40
1476	30	60	40	50
1477	31	61	33	59
1478	31	61	59	35
1479	31	61	35	57
1480	31	61	57	37
1481	31	61	37	55
1482	31	61	55	39
1483	31	61	39	53
1484	31	61	53	41
1485	31	61	41	51
1486	32	62	34	60
1487	32	62	60	36
1488	32	62	36	58
1489	32	62	58	38
1490	32	62	38	56
1491	32	62	56	40
1492	32	62	40	54
1493	32	62	54	42
1494	32	62	42	52
1495	33	63	35	61
1496	33	63	61	37
1497	33	63	37	59
1498	33	63	59	39
1499	33	63	39	57
1500	33	63	57	41
1501	33	63	41	55
1502	33	63	55	43
1503	33	63	43	53
1504	34	64	36	62
1505	34	64	62	38
1506	34	64	38	60
1507	34	64	60	40
1508	34	64	40	58
1509	34	64	58	42
1510	34	64	42	56
1511	34	64	56	44
1512	34	64	44	54
1513	35	65	37	63
1514	35	65	63	39
1515	35	65	39	61
1516	35	65	61	41
1517	35	65	41	59
1518	35	65	59	43
1519	35	65	43	57
1520	35	65	57	45
1521	35	65	45	55
1522	36	66	38	64
1523	36	66	64	40
1524	36	66	40	62
1525	36	66	62	42
1526	36	66	42	60
1527	36	66	60	44
1528	36	66	44	58
1529	36	66	58	46
1530	36	66	46	56
1531	37	67	39	65
1532	37	67	65	41
1533	37	67	41	63
1534	37	67	63	43
1535	37	67	43	61
1536	37	67	61	45
1537	37	67	45	59
1538	37	67	59	47
1539	37	67	47	57
1540	38	68	40	66
1541	38	68	66	42
1542	38	68	42	64
1543	38	68	64	44
1544	38	68	44	62
1545	38	68	62	46
1546	38	68	46	60
1547	38	68	60	48
1548	38	68	48	58
1549	39	69	41	67
1550	39	69	67	43
1551	39	69	43	65
1552	39	69	65	45
1553	39	69	45	63
1554	39	69	63	47
1555	39	69	47	61
1556	39	69	61	49
1557	39	69	49	59
1558	40	70	42	68
1559	40	70	68	44
1560	40	70	44	66
1561	40	70	66	46
1562	40	70	46	64
1563	40	70	64	48
1564	40	70	48	62
1565	40	70	62	50
1566	40	70	50	60
1567	41	71	43	69
1568	41	71	69	45
1569	41	71	45	67
1570	41	71	67	47
1571	41	71	47	65
1572	41	71	65	49
1573	41	71	49	63
1574	41	71	63	51
1575	41	71	51	61
1576	42	72	44	70
1577	42	72	70	46
1578	42	72	46	68
1579	42	72	68	48
1580	42	72	48	66
1581	42	72	66	50
1582	42	72	50	64
1583	42	72	64	52
1584	42	72	52	62
1585	16	49	18	47
1586	16	49	47	20
1587	16	49	20	45
1588	16	49	45	22
1589	16	49	22	43
1590	16	49	43	24
1591	16	49	24	41
1592	16	49	41	26
1593	16	49	26	39
1594	17	50	19	48
1595	17	50	48	21
1596	17	50	21	46
1597	17	50	46	23
1598	17	50	23	44
1599	17	50	44	25
1600	17	50	25	42
1601	17	50	42	27
1602	17	50	27	40
1603	18	51	20	49
1604	18	51	49	22
1605	18	51	22	47
1606	18	51	47	24
1607	18	51	24	45
1608	18	51	45	26
1609	18	51	26	43
1610	18	51	43	28
1611	18	51	28	41
1612	19	52	21	50
1613	19	52	50	23
1614	19	52	23	48
1615	19	52	48	25
1616	19	52	25	46
1617	19	52	46	27
1618	19	52	27	44
1619	19	52	44	29
1620	19	52	29	42
1621	20	53	22	51
1622	20	53	51	24
1623	20	53	24	49
1624	20	53	49	26
1625	20	53	26	47
1626	20	53	47	28
1627	20	53	28	45
1628	20	53	45	30
1629	20	53	30	43
1630	21	54	23	52
1631	21	54	52	25
1632	21	54	25	50
1633	21	54	50	27
1634	21	54	27	48
1635	21	54	48	29
1636	21	54	29	46
1637	21	54	46	31
1638	21	54	31	44
1639	22	55	24	53
1640	22	55	53	26
1641	22	55	26	51
1642	22	55	51	28
1643	22	55	28	49
1644	22	55	49	30
1645	22	55	30	47
1646	22	55	47	32
1647	22	55	32	45
1648	23	56	25	54
1649	23	56	54	27
1650	23	56	27	52
1651	23	56	52	29
1652	23	56	29	50
1653	23	56	50	31
1654	23	56	31	48
1655	23	56	48	33
1656	23	56	33	46
1657	24	57	26	55
1658	24	57	55	28
1659	24	57	28	53
1660	24	57	53	30
1661	24	57	30	51
1662	24	57	51	32
1663	24	57	32	49
1664	24	57	49	34
1665	24	57	34	47
1666	25	58	27	56
1667	25	58	56	29
1668	25	58	29	54
1669	25	58	54	31
1670	25	58	31	52
1671	25	58	52	33
1672	25	58	33	50
1673	25	58	50	35
1674	25	58	35	48
1675	26	59	28	57
1676	26	59	57	30
1677	26	59	30	55
1678	26	59	55	32
1679	26	59	32	53
1680	26	59	53	34
1681	26	59	34	51
1682	26	59	51	36
1683	26	59	36	49
1684	27	60	29	58
1685	27	60	58	31
1686	27	60	31	56
1687	27	60	56	33
1688	27	60	33	54
1689	27	60	54	35
1690	27	60	35	52
1691	27	60	52	37
1692	27	60	37	50
1693	28	61	30	59
1694	28	61	59	32
1695	28	61	32	57
1696	28	61	57	34
1697	28	61	34	55
1698	28	61	55	36
1699	28	61	36	53
1700	28	61	53	38
1701	28	61	38	51
1702	29	62	31	60
1703	29	62	60	33
1704	29	62	33	58
1705	29	62	58	35
1706	29	62	35	56
1707	29	62	56	37
1708	29	62	37	54
1709	29	62	54	39
1710	29	62	39	52
1711	30	63	32	61
1712	30	63	61	34
1713	30	63	34	59
1714	30	63	59	36
1715	30	63	36	57
1716	30	63	57	38
1717	30	63	38	55
1718	30	63	55	40
1719	30	63	40	53
1720	31	64	33	62
1721	31	64	62	35
1722	31	64	35	60
1723	31	64	60	37
1724	31	64	37	58
1725	31	64	58	39
1726	31	64	39	56
1727	31	64	56	41
1728	31	64	41	54
1729	32	65	34	63
1730	32	65	63	36
1731	32	65	36	61
1732	32	65	61	38
1733	32	65	38	59
1734	32	65	59	40
1735	32	65	40	57
1736	32	65	57	42
1737	32	65	42	55
1738	33	66	35	64
1739	33	66	64	37
1740	33	66	37	62
1741	33	66	62	39
1742	33	66	39	60
1743	33	66	60	41
1744	33	66	41	58
1745	33	66	58	43
1746	33	66	43	56
1747	34	67	36	65
1748	34	67	65	38
1749	34	67	38	63
1750	34	67	63	40
1751	34	67	40	61
1752	34	67	61	42
1753	34	67	42	59
1754	34	67	59	44
1755	34	67	44	57
1756	35	68	37	66
1757	35	68	66	39
1758	35	68	39	64
1759	35	68	64	41
1760	35	68	41	62
1761	35	68	62	43
1762	35	68	43	60
1763	35	68	60	45
1764	35	68	45	58
1765	36	69	38	67
1766	36	69	67	40
1767	36	69	40	65
1768	36	69	65	42
1769	36	69	42	63
1770	36	69	63	44
1771	36	69	44	61
1772	36	69	61	46
1773	36	69	46	59
1774	37	70	39	68
1775	37	70	68	41
1776	37	70	41	66
1777	37	70	66	43
1778	37	70	43	64
1779	37	70	64	45
1780	37	70	45	62
1781	37	70	62	47
1782	37	70	47	60
1783	38	71	40	69
1784	38	71	69	42
1785	38	71	42	67
1786	38	71	67	44
1787	38	71	44	65
1788	38	71	65	46
1789	38	71	46	63
1790	38	71	63	48
1791	38	71	48	61
1792	39	72	41	70
1793	39	72	70	43
1794	39	72	43	68
1795	39	72	68	45
1796	39	72	45	66
1797	39	72	66	47
1798	39	72	47	64
1799	39	72	64	49
1800	39	72	49	62
1801	13	50	15	48
1802	13	50	48	17
1803	13	50	17	46
1804	13	50	46	19
1805	13	50	19	44
1806	13	50	44	21
1807	13	50	21	42
1808	13	50	42	23
1809	13	50	23	40
1810	15	52	17	50
1811	15	52	50	19
1812	15	52	19	48
1813	15	52	48	21
1814	15	52	21	46
1815	15	52	46	23
1816	15	52	23	44
1817	15	52	44	25
1818	15	52	25	42
1819	17	54	19	52
1820	17	54	52	21
1821	17	54	21	50
1822	17	54	50	23
1823	17	54	23	48
1824	17	54	48	25
1825	17	54	25	46
1826	17	54	46	27
1827	17	54	27	44
1828	19	56	21	54
1829	19	56	54	23
1830	19	56	23	52
1831	19	56	52	25
1832	19	56	25	50
1833	19	56	50	27
1834	19	56	27	48
1835	19	56	48	29
1836	19	56	29	46
1837	21	58	23	56
1838	21	58	56	25
1839	21	58	25	54
1840	21	58	54	27
1841	21	58	27	52
1842	21	58	52	29
1843	21	58	29	50
1844	21	58	50	31
1845	21	58	31	48
1846	23	60	25	58
1847	23	60	58	27
1848	23	60	27	56
1849	23	60	56	29
1850	23	60	29	54
1851	23	60	54	31
1852	23	60	31	52
1853	23	60	52	33
1854	23	60	33	50
1855	25	62	27	60
1856	25	62	60	29
1857	25	62	29	58
1858	25	62	58	31
1859	25	62	31	56
1860	25	62	56	33
1861	25	62	33	54
1862	25	62	54	35
1863	25	62	35	52
1864	27	64	29	62
1865	27	64	62	31
1866	27	64	31	60
1867	27	64	60	33
1868	27	64	33	58
1869	27	64	58	35
1870	27	64	35	56
1871	27	64	56	37
1872	27	64	37	54
1873	29	66	31	64
1874	29	66	64	33
1875	29	66	33	62
1876	29	66	62	35
1877	29	66	35	60
1878	29	66	60	37
1879	29	66	37	58
1880	29	66	58	39
1881	29	66	39	56
1882	31	68	33	66
1883	31	68	66	35
1884	31	68	35	64
1885	31	68	64	37
1886	31	68	37	62
1887	31	68	62	39
1888	31	68	39	60
1889	31	68	60	41
1890	31	68	41	58
1891	33	70	35	68
1892	33	70	68	37
1893	33	70	37	66
1894	33	70	66	39
1895	33	70	39	64
1896	33	70	64	41
1897	33	70	41	62
1898	33	70	62	43
1899	33	70	43	60
1900	35	72	37	70
1901	35	72	70	39
1902	35	72	39	68
1903	35	72	68	41
1904	35	72	41	66
1905	35	72	66	43
1906	35	72	43	64
1907	35	72	64	45
1908	35	72	45	62
1909	9	50	12	47
1910	9	50	47	15
1911	9	50	15	44
1912	9	50	44	18
1913	9	50	18	41
1914	9	50	41	21
1915	9	50	21	38
1916	9	50	38	24
1917	9	50	24	35
1918	11	52	14	49
1919	11	52	49	17
1920	11	52	17	46
1921	11	52	46	20
1922	11	52	20	43
1923	11	52	43	23
1924	11	52	23	40
1925	11	52	40	26
1926	11	52	26	37
1927	13	54	16	51
1928	13	54	51	19
1929	13	54	19	48
1930	13	54	48	22
1931	13	54	22	45
1932	13	54	45	25
1933	13	54	25	42
1934	13	54	42	28
1935	13	54	28	39
1936	15	56	18	53
1937	15	56	53	21
1938	15	56	21	50
1939	15	56	50	24
1940	15	56	24	47
1941	15	56	47	27
1942	15	56	27	44
1943	15	56	44	30
1944	15	56	30	41
1945	17	58	20	55
1946	17	58	55	23
1947	17	58	23	52
1948	17	58	52	26
1949	17	58	26	49
1950	17	58	49	29
1951	17	58	29	46
1952	17	58	46	32
1953	17	58	32	43
1954	19	60	22	57
1955	19	60	57	25
1956	19	60	25	54
1957	19	60	54	28
1958	19	60	28	51
1959	19	60	51	31
1960	19	60	31	48
1961	19	60	48	34
1962	19	60	34	45
1963	21	62	24	59
1964	21	62	59	27
1965	21	62	27	56
1966	21	62	56	30
1967	21	62	30	53
1968	21	62	53	33
1969	21	62	33	50
1970	21	62	50	36
1971	21	62	36	47
1972	23	64	26	61
1973	23	64	61	29
1974	23	64	29	58
1975	23	64	58	32
1976	23	64	32	55
1977	23	64	55	35
1978	23	64	35	52
1979	23	64	52	38
1980	23	64	38	49
1981	25	66	28	63
1982	25	66	63	31
1983	25	66	31	60
1984	25	66	60	34
1985	25	66	34	57
1986	25	66	57	37
1987	25	66	37	54
1988	25	66	54	40
1989	25	66	40	51
1990	27	68	30	65
1991	27	68	65	33
1992	27	68	33	62
1993	27	68	62	36
1994	27	68	36	59
1995	27	68	59	39
1996	27	68	39	56
1997	27	68	56	42
1998	27	68	42	53
1999	29	70	32	67
2000	29	70	67	35
2001	29	70	35	64
2002	29	70	64	38
2003	29	70	38	61
2004	29	70	61	41
2005	29	70	41	58
2006	29	70	58	44
2007	29	70	44	55
2008	31	72	34	69
2009	31	72	69	37
2010	31	72	37	66
2011	31	72	66	40
2012	31	72	40	63
2013	31	72	63	43
2014	31	72	43	60
2015	31	72	60	46
2016	31	72	46	57
2017	5	50	8	47
2018	5	50	47	11
2019	5	50	11	44
2020	5	50	44	14
2021	5	50	14	41
2022	5	50	41	17
2023	5	50	17	38
2024	5	50	38	20
2025	5	50	20	35
2026	7	52	10	49
2027	7	52	49	13
2028	7	52	13	46
2029	7	52	46	16
2030	7	52	16	43
2031	7	52	43	19
2032	7	52	19	40
2033	7	52	40	22
2034	7	52	22	37
2035	9	54	12	51
2036	9	54	51	15
2037	9	54	15	48
2038	9	54	48	18
2039	9	54	18	45
2040	9	54	45	21
2041	9	54	21	42
2042	9	54	42	24
2043	9	54	24	39
2044	11	56	14	53
2045	11	56	53	17
2046	11	56	17	50
2047	11	56	50	20
2048	11	56	20	47
2049	11	56	47	23
2050	11	56	23	44
2051	11	56	44	26
2052	11	56	26	41
2053	13	58	16	55
2054	13	58	55	19
2055	13	58	19	52
2056	13	58	52	22
2057	13	58	22	49
2058	13	58	49	25
2059	13	58	25	46
2060	13	58	46	28
2061	13	58	28	43
2062	15	60	18	57
2063	15	60	57	21
2064	15	60	21	54
2065	15	60	54	24
2066	15	60	24	51
2067	15	60	51	27
2068	15	60	27	48
2069	15	60	48	30
2070	15	60	30	45
2071	17	62	20	59
2072	17	62	59	23
2073	17	62	23	56
2074	17	62	56	26
2075	17	62	26	53
2076	17	62	53	29
2077	17	62	29	50
2078	17	62	50	32
2079	17	62	32	47
2080	19	64	22	61
2081	19	64	61	25
2082	19	64	25	58
2083	19	64	58	28
2084	19	64	28	55
2085	19	64	55	31
2086	19	64	31	52
2087	19	64	52	34
2088	19	64	34	49
2089	21	66	24	63
2090	21	66	63	27
2091	21	66	27	60
2092	21	66	60	30
2093	21	66	30	57
2094	21	66	57	33
2095	21	66	33	54
2096	21	66	54	36
2097	21	66	36	51
2098	23	68	26	65
2099	23	68	65	29
2100	23	68	29	62
2101	23	68	62	32
2102	23	68	32	59
2103	23	68	59	35
2104	23	68	35	56
2105	23	68	56	38
2106	23	68	38	53
2107	25	70	28	67
2108	25	70	67	31
2109	25	70	31	64
2110	25	70	64	34
2111	25	70	34	61
2112	25	70	61	37
2113	25	70	37	58
2114	25	70	58	40
2115	25	70	40	55
2116	27	72	30	69
2117	27	72	69	33
2118	27	72	33	66
2119	27	72	66	36
2120	27	72	36	63
2121	27	72	63	39
2122	27	72	39	60
2123	27	72	60	42
2124	27	72	42	57
2125	1	50	4	47
2126	1	50	47	7
2127	1	50	7	44
2128	1	50	44	10
2129	1	50	10	41
2130	1	50	41	13
2131	1	50	13	38
2132	1	50	38	16
2133	1	50	16	35
2134	3	52	6	49
2135	3	52	49	9
2136	3	52	9	46
2137	3	52	46	12
2138	3	52	12	43
2139	3	52	43	15
2140	3	52	15	40
2141	3	52	40	18
2142	3	52	18	37
2143	5	54	8	51
2144	5	54	51	11
2145	5	54	11	48
2146	5	54	48	14
2147	5	54	14	45
2148	5	54	45	17
2149	5	54	17	42
2150	5	54	42	20
2151	5	54	20	39
2152	7	56	10	53
2153	7	56	53	13
2154	7	56	13	50
2155	7	56	50	16
2156	7	56	16	47
2157	7	56	47	19
2158	7	56	19	44
2159	7	56	44	22
2160	7	56	22	41
2161	9	58	12	55
2162	9	58	55	15
2163	9	58	15	52
2164	9	58	52	18
2165	9	58	18	49
2166	9	58	49	21
2167	9	58	21	46
2168	9	58	46	24
2169	9	58	24	43
2170	11	60	14	57
2171	11	60	57	17
2172	11	60	17	54
2173	11	60	54	20
2174	11	60	20	51
2175	11	60	51	23
2176	11	60	23	48
2177	11	60	48	26
2178	11	60	26	45
2179	13	62	16	59
2180	13	62	59	19
2181	13	62	19	56
2182	13	62	56	22
2183	13	62	22	53
2184	13	62	53	25
2185	13	62	25	50
2186	13	62	50	28
2187	13	62	28	47
2188	15	64	18	61
2189	15	64	61	21
2190	15	64	21	58
2191	15	64	58	24
2192	15	64	24	55
2193	15	64	55	27
2194	15	64	27	52
2195	15	64	52	30
2196	15	64	30	49
2197	17	66	20	63
2198	17	66	63	23
2199	17	66	23	60
2200	17	66	60	26
2201	17	66	26	57
2202	17	66	57	29
2203	17	66	29	54
2204	17	66	54	32
2205	17	66	32	51
2206	19	68	22	65
2207	19	68	65	25
2208	19	68	25	62
2209	19	68	62	28
2210	19	68	28	59
2211	19	68	59	31
2212	19	68	31	56
2213	19	68	56	34
2214	19	68	34	53
2215	21	70	24	67
2216	21	70	67	27
2217	21	70	27	64
2218	21	70	64	30
2219	21	70	30	61
2220	21	70	61	33
2221	21	70	33	58
2222	21	70	58	36
2223	21	70	36	55
2224	23	72	26	69
2225	23	72	69	29
2226	23	72	29	66
2227	23	72	66	32
2228	23	72	32	63
2229	23	72	63	35
2230	23	72	35	60
2231	23	72	60	38
2232	23	72	38	57
2233	1	54	4	51
2234	1	54	51	7
2235	1	54	7	48
2236	1	54	48	10
2237	1	54	10	45
2238	1	54	45	13
2239	1	54	13	42
2240	1	54	42	16
2241	1	54	16	39
2242	3	56	6	53
2243	3	56	53	9
2244	3	56	9	50
2245	3	56	50	12
2246	3	56	12	47
2247	3	56	47	15
2248	3	56	15	44
2249	3	56	44	18
2250	3	56	18	41
2251	5	58	8	55
2252	5	58	55	11
2253	5	58	11	52
2254	5	58	52	14
2255	5	58	14	49
2256	5	58	49	17
2257	5	58	17	46
2258	5	58	46	20
2259	5	58	20	43
2260	7	60	10	57
2261	7	60	57	13
2262	7	60	13	54
2263	7	60	54	16
2264	7	60	16	51
2265	7	60	51	19
2266	7	60	19	48
2267	7	60	48	22
2268	7	60	22	45
2269	9	62	12	59
2270	9	62	59	15
2271	9	62	15	56
2272	9	62	56	18
2273	9	62	18	53
2274	9	62	53	21
2275	9	62	21	50
2276	9	62	50	24
2277	9	62	24	47
2278	11	64	14	61
2279	11	64	61	17
2280	11	64	17	58
2281	11	64	58	20
2282	11	64	20	55
2283	11	64	55	23
2284	11	64	23	52
2285	11	64	52	26
2286	11	64	26	49
2287	13	66	16	63
2288	13	66	63	19
2289	13	66	19	60
2290	13	66	60	22
2291	13	66	22	57
2292	13	66	57	25
2293	13	66	25	54
2294	13	66	54	28
2295	13	66	28	51
2296	15	68	18	65
2297	15	68	65	21
2298	15	68	21	62
2299	15	68	62	24
2300	15	68	24	59
2301	15	68	59	27
2302	15	68	27	56
2303	15	68	56	30
2304	15	68	30	53
2305	17	70	20	67
2306	17	70	67	23
2307	17	70	23	64
2308	17	70	64	26
2309	17	70	26	61
2310	17	70	61	29
2311	17	70	29	58
2312	17	70	58	32
2313	17	70	32	55
2314	19	72	22	69
2315	19	72	69	25
2316	19	72	25	66
2317	19	72	66	28
2318	19	72	28	63
2319	19	72	63	31
2320	19	72	31	60
2321	19	72	60	34
2322	19	72	34	57
2323	1	58	4	55
2324	1	58	55	7
2325	1	58	7	52
2326	1	58	52	10
2327	1	58	10	49
2328	1	58	49	13
2329	1	58	13	46
2330	1	58	46	16
2331	1	58	16	43
2332	3	60	6	57
2333	3	60	57	9
2334	3	60	9	54
2335	3	60	54	12
2336	3	60	12	51
2337	3	60	51	15
2338	3	60	15	48
2339	3	60	48	18
2340	3	60	18	45
2341	5	62	8	59
2342	5	62	59	11
2343	5	62	11	56
2344	5	62	56	14
2345	5	62	14	53
2346	5	62	53	17
2347	5	62	17	50
2348	5	62	50	20
2349	5	62	20	47
2350	7	64	10	61
2351	7	64	61	13
2352	7	64	13	58
2353	7	64	58	16
2354	7	64	16	55
2355	7	64	55	19
2356	7	64	19	52
2357	7	64	52	22
2358	7	64	22	49
2359	9	66	12	63
2360	9	66	63	15
2361	9	66	15	60
2362	9	66	60	18
2363	9	66	18	57
2364	9	66	57	21
2365	9	66	21	54
2366	9	66	54	24
2367	9	66	24	51
2368	11	68	14	65
2369	11	68	65	17
2370	11	68	17	62
2371	11	68	62	20
2372	11	68	20	59
2373	11	68	59	23
2374	11	68	23	56
2375	11	68	56	26
2376	11	68	26	53
2377	13	70	16	67
2378	13	70	67	19
2379	13	70	19	64
2380	13	70	64	22
2381	13	70	22	61
2382	13	70	61	25
2383	13	70	25	58
2384	13	70	58	28
2385	13	70	28	55
2386	15	72	18	69
2387	15	72	69	21
2388	15	72	21	66
2389	15	72	66	24
2390	15	72	24	63
2391	15	72	63	27
2392	15	72	27	60
2393	15	72	60	30
2394	15	72	30	57
2395	1	62	5	58
2396	1	62	58	9
2397	1	62	9	54
2398	1	62	54	13
2399	1	62	13	50
2400	1	62	50	17
2401	1	62	17	46
2402	1	62	46	21
2403	1	62	21	42
2404	3	64	7	60
2405	3	64	60	11
2406	3	64	11	56
2407	3	64	56	15
2408	3	64	15	52
2409	3	64	52	19
2410	3	64	19	48
2411	3	64	48	23
2412	3	64	23	44
2413	5	66	9	62
2414	5	66	62	13
2415	5	66	13	58
2416	5	66	58	17
2417	5	66	17	54
2418	5	66	54	21
2419	5	66	21	50
2420	5	66	50	25
2421	5	66	25	46
2422	7	68	11	64
2423	7	68	64	15
2424	7	68	15	60
2425	7	68	60	19
2426	7	68	19	56
2427	7	68	56	23
2428	7	68	23	52
2429	7	68	52	27
2430	7	68	27	48
2431	9	70	13	66
2432	9	70	66	17
2433	9	70	17	62
2434	9	70	62	21
2435	9	70	21	58
2436	9	70	58	25
2437	9	70	25	54
2438	9	70	54	29
2439	9	70	29	50
2440	11	72	15	68
2441	11	72	68	19
2442	11	72	19	64
2443	11	72	64	23
2444	11	72	23	60
2445	11	72	60	27
2446	11	72	27	56
2447	11	72	56	31
2448	11	72	31	52
2449	1	66	5	62
2450	1	66	62	9
2451	1	66	9	58
2452	1	66	58	13
2453	1	66	13	54
2454	1	66	54	17
2455	1	66	17	50
2456	1	66	50	21
2457	1	66	21	46
2458	3	68	7	64
2459	3	68	64	11
2460	3	68	11	60
2461	3	68	60	15
2462	3	68	15	56
2463	3	68	56	19
2464	3	68	19	52
2465	3	68	52	23
2466	3	68	23	48
2467	5	70	9	66
2468	5	70	66	13
2469	5	70	13	62
2470	5	70	62	17
2471	5	70	17	58
2472	5	70	58	21
2473	5	70	21	54
2474	5	70	54	25
2475	5	70	25	50
2476	7	72	11	68
2477	7	72	68	15
2478	7	72	15	64
2479	7	72	64	19
2480	7	72	19	60
2481	7	72	60	23
2482	7	72	23	56
2483	7	72	56	27
2484	7	72	27	52
2485	1	70	5	66
2486	1	70	66	9
2487	1	70	9	62
2488	1	70	62	13
2489	1	70	13	58
2490	1	70	58	17
2491	1	70	17	54
2492	1	70	54	21
2493	1	70	21	50
2494	3	72	7	68
2495	3	72	68	11
2496	3	72	11	64
2497	3	72	64	15
2498	3	72	15	60
2499	3	72	60	19
2500	3	72	19	56
2501	3	72	56	23
2502	3	72	23	52
