#	X	Y	Z
1	0	0	0
2	1	0	0
3	2	0	0
4	3	0	0
5	4	0	0
6	5	0	0
7	6	0	0
8	7	0	0
9	8	0	0
10	9	0	0
11	10	0	0
12	11	0	0
13	12	0	0
14	13	0	0
15	14	0	0
16	15	0	0
17	16	0	0
18	17	0	0
19	18	0	0
20	19	0	0
21	20	0	0
22	21	0	0
23	22	0	0
24	23	0	0
25	24	0	0
26	25	0	0
27	26	0	0
28	27	0	0
29	28	0	0
30	29	0	0
31	30	0	0
32	31	0	0
33	32	0	0
34	33	0	0
35	34	0	0
36	35	0	0
37	36	0	0
38	37	0	0
39	38	0	0
40	39	0	0
41	40	0	0
42	41	0	0
43	42	0	0
44	43	0	0
45	44	0	0
46	45	0	0
47	46	0	0
48	47	0	0
49	48	0	0
50	49	0	0
51	50	0	0
52	51	0	0
53	52	0	0
54	53	0	0
55	54	0	0
56	55	0	0
57	56	0	0
58	57	0	0
59	58	0	0
60	59	0	0
61	60	0	0
62	61	0	0
63	62	0	0
64	63	0	0
65	64	0	0
66	65	0	0
67	66	0	0
68	67	0	0
69	68	0	0
70	69	0	0
71	70	0	0
72	71	0	0
#	A	B	M	N
1	1	4	2	3
2	2	5	3	4
3	3	6	4	5
4	4	7	5	6
5	5	8	6	7
6	6	9	7	8
7	7	10	8	9
8	8	11	9	10
9	9	12	10	11
10	10	13	11	12
11	11	14	12	13
12	12	15	13	14
13	13	16	14	15
14	14	17	15	16
15	15	18	16	17
16	16	19	17	18
17	17	20	18	19
18	18	21	19	20
19	19	22	20	21
20	20	23	21	22
21	21	24	22	23
22	22	25	23	24
23	23	26	24	25
24	24	27	25	26
25	25	28	26	27
26	26	29	27	28
27	27	30	28	29
28	28	31	29	30
29	29	32	30	31
30	30	33	31	32
31	31	34	32	33
32	32	35	33	34
33	33	36	34	35
34	34	37	35	36
35	35	38	36	37
36	36	39	37	38
37	37	40	38	39
38	38	41	39	40
39	39	42	40	41
40	40	43	41	42
41	41	44	42	43
42	42	45	43	44
43	43	46	44	45
44	44	47	45	46
45	45	48	46	47
46	46	49	47	48
47	47	50	48	49
48	48	51	49	50
49	49	52	50	51
50	50	53	51	52
51	51	54	52	53
52	52	55	53	54
53	53	56	54	55
54	54	57	55	56
55	55	58	56	57
56	56	59	57	58
57	57	60	58	59
58	58	61	59	60
59	59	62	60	61
60	60	63	61	62
61	61	64	62	63
62	62	65	63	64
63	63	66	64	65
64	64	67	65	66
65	65	68	66	67
66	66	69	67	68
67	67	70	68	69
68	68	71	69	70
69	69	72	70	71
70	1	5	2	4
71	2	6	3	5
72	3	7	4	6
73	4	8	5	7
74	5	9	6	8
75	6	10	7	9
76	7	11	8	10
77	8	12	9	11
78	9	13	10	12
79	10	14	11	13
80	11	15	12	14
81	12	16	13	15
82	13	17	14	16
83	14	18	15	17
84	15	19	16	18
85	16	20	17	19
86	17	21	18	20
87	18	22	19	21
88	19	23	20	22
89	20	24	21	23
90	21	25	22	24
91	22	26	23	25
92	23	27	24	26
93	24	28	25	27
94	25	29	26	28
95	26	30	27	29
96	27	31	28	30
97	28	32	29	31
98	29	33	30	32
99	30	34	31	33
100	31	35	32	34
101	32	36	33	35
102	33	37	34	36
103	34	38	35	37
104	35	39	36	38
105	36	40	37	39
106	37	41	38	40
107	38	42	39	41
108	39	43	40	42
109	40	44	41	43
110	41	45	42	44
111	42	46	43	45
112	43	47	44	46
113	44	48	45	47
114	45	49	46	48
115	46	50	47	49
116	47	51	48	50
117	48	52	49	51
118	49	53	50	52
119	50	54	51	53
120	51	55	52	54
121	52	56	53	55
122	53	57	54	56
123	54	58	55	57
124	55	59	56	58
125	56	60	57	59
126	57	61	58	60
127	58	62	59	61
128	59	63	60	62
129	60	64	61	63
130	61	65	62	64
131	62	66	63	65
132	63	67	64	66
133	64	68	65	67
134	65	69	66	68
135	66	70	67	69
136	67	71	68	70
137	68	72	69	71
138	1	7	2	6
139	1	7	6	3
140	1	7	3	5
141	2	8	3	7
142	2	8	7	4
143	2	8	4	6
144	3	9	4	8
145	3	9	8	5
146	3	9	5	7
147	4	10	5	9
148	4	10	9	6
149	4	10	6	8
150	5	11	6	10
151	5	11	10	7
152	5	11	7	9
153	6	12	7	11
154	6	12	11	8
155	6	12	8	10
156	7	13	8	12
157	7	13	12	9
158	7	13	9	11
159	8	14	9	13
160	8	14	13	10
161	8	14	10	12
162	9	15	10	14
163	9	15	14	11
164	9	15	11	13
165	10	16	11	15
166	10	16	15	12
167	10	16	12	14
168	11	17	12	16
169	11	17	16	13
170	11	17	13	15
171	12	18	13	17
172	12	18	17	14
173	12	18	14	16
174	13	19	14	18
175	13	19	18	15
176	13	19	15	17
177	14	20	15	19
178	14	20	19	16
179	14	20	16	18
180	15	21	16	20
181	15	21	20	17
182	15	21	17	19
183	16	22	17	21
184	16	22	21	18
185	16	22	18	20
186	17	23	18	22
187	17	23	22	19
188	17	23	19	21
189	18	24	19	23
190	18	24	23	20
191	18	24	20	22
192	19	25	20	24
193	19	25	24	21
194	19	25	21	23
195	20	26	21	25
196	20	26	25	22
197	20	26	22	24
198	21	27	22	26
199	21	27	26	23
200	21	27	23	25
201	22	28	23	27
202	22	28	27	24
203	22	28	24	26
204	23	29	24	28
205	23	29	28	25
206	23	29	25	27
207	24	30	25	29
208	24	30	29	26
209	24	30	26	28
210	25	31	26	30
211	25	31	30	27
212	25	31	27	29
213	26	32	27	31
214	26	32	31	28
215	26	32	28	30
216	27	33	28	32
217	27	33	32	29
218	27	33	29	31
219	28	34	29	33
220	28	34	33	30
221	28	34	30	32
222	29	35	30	34
223	29	35	34	31
224	29	35	31	33
225	30	36	31	35
226	30	36	35	32
227	30	36	32	34
228	31	37	32	36
229	31	37	36	33
230	31	37	33	35
231	32	38	33	37
232	32	38	37	34
233	32	38	34	36
234	33	39	34	38
235	33	39	38	35
236	33	39	35	37
237	34	40	35	39
238	34	40	39	36
239	34	40	36	38
240	35	41	36	40
241	35	41	40	37
242	35	41	37	39
243	36	42	37	41
244	36	42	41	38
245	36	42	38	40
246	37	43	38	42
247	37	43	42	39
248	37	43	39	41
249	38	44	39	43
250	38	44	43	40
251	38	44	40	42
252	39	45	40	44
253	39	45	44	41
254	39	45	41	43
255	40	46	41	45
256	40	46	45	42
257	40	46	42	44
258	41	47	42	46
259	41	47	46	43
260	41	47	43	45
261	42	48	43	47
262	42	48	47	44
263	42	48	44	46
264	43	49	44	48
265	43	49	48	45
266	43	49	45	47
267	44	50	45	49
268	44	50	49	46
269	44	50	46	48
270	45	51	46	50
271	45	51	50	47
272	45	51	47	49
273	46	52	47	51
274	46	52	51	48
275	46	52	48	50
276	47	53	48	52
277	47	53	52	49
278	47	53	49	51
279	48	54	49	53
280	48	54	53	50
281	48	54	50	52
282	49	55	50	54
283	49	55	54	51
284	49	55	51	53
285	50	56	51	55
286	50	56	55	52
287	50	56	52	54
288	51	57	52	56
289	51	57	56	53
290	51	57	53	55
291	52	58	53	57
292	52	58	57	54
293	52	58	54	56
294	53	59	54	58
295	53	59	58	55
296	53	59	55	57
297	54	60	55	59
298	54	60	59	56
299	54	60	56	58
300	55	61	56	60
301	55	61	60	57
302	55	61	57	59
303	56	62	57	61
304	56	62	61	58
305	56	62	58	60
306	57	63	58	62
307	57	63	62	59
308	57	63	59	61
309	58	64	59	63
310	58	64	63	60
311	58	64	60	62
312	59	65	60	64
313	59	65	64	61
314	59	65	61	63
315	60	66	61	65
316	60	66	65	62
317	60	66	62	64
318	61	67	62	66
319	61	67	66	63
320	61	67	63	65
321	62	68	63	67
322	62	68	67	64
323	62	68	64	66
324	63	69	64	68
325	63	69	68	65
326	63	69	65	67
327	64	70	65	69
328	64	70	69	66
329	64	70	66	68
330	65	71	66	70
331	65	71	70	67
332	65	71	67	69
333	66	72	67	71
334	66	72	71	68
335	66	72	68	70
336	1	10	2	9
337	1	10	9	3
338	1	10	3	8
339	1	10	8	4
340	1	10	4	7
341	1	10	7	5
342	1	10	5	6
343	2	11	3	10
344	2	11	10	4
345	2	11	4	9
346	2	11	9	5
347	2	11	5	8
348	2	11	8	6
349	2	11	6	7
350	3	12	4	11
351	3	12	11	5
352	3	12	5	10
353	3	12	10	6
354	3	12	6	9
355	3	12	9	7
356	3	12	7	8
357	4	13	5	12
358	4	13	12	6
359	4	13	6	11
360	4	13	11	7
361	4	13	7	10
362	4	13	10	8
363	4	13	8	9
364	5	14	6	13
365	5	14	13	7
366	5	14	7	12
367	5	14	12	8
368	5	14	8	11
369	5	14	11	9
370	5	14	9	10
371	6	15	7	14
372	6	15	14	8
373	6	15	8	13
374	6	15	13	9
375	6	15	9	12
376	6	15	12	10
377	6	15	10	11
378	7	16	8	15
379	7	16	15	9
380	7	16	9	14
381	7	16	14	10
382	7	16	10	13
383	7	16	13	11
384	7	16	11	12
385	8	17	9	16
386	8	17	16	10
387	8	17	10	15
388	8	17	15	11
389	8	17	11	14
390	8	17	14	12
391	8	17	12	13
392	9	18	10	17
393	9	18	17	11
394	9	18	11	16
395	9	18	16	12
396	9	18	12	15
397	9	18	15	13
398	9	18	13	14
399	10	19	11	18
400	10	19	18	12
401	10	19	12	17
402	10	19	17	13
403	10	19	13	16
404	10	19	16	14
405	10	19	14	15
406	11	20	12	19
407	11	20	19	13
408	11	20	13	18
409	11	20	18	14
410	11	20	14	17
411	11	20	17	15
412	11	20	15	16
413	12	21	13	20
414	12	21	20	14
415	12	21	14	19
416	12	21	19	15
417	12	21	15	18
418	12	21	18	16
419	12	21	16	17
420	13	22	14	21
421	13	22	21	15
422	13	22	15	20
423	13	22	20	16
424	13	22	16	19
425	13	22	19	17
426	13	22	17	18
427	14	23	15	22
428	14	23	22	16
429	14	23	16	21
430	14	23	21	17
431	14	23	17	20
432	14	23	20	18
433	14	23	18	19
434	15	24	16	23
435	15	24	23	17
436	15	24	17	22
437	15	24	22	18
438	15	24	18	21
439	15	24	21	19
440	15	24	19	20
441	16	25	17	24
442	16	25	24	18
443	16	25	18	23
444	16	25	23	19
445	16	25	19	22
446	16	25	22	20
447	16	25	20	21
448	17	26	18	25
449	17	26	25	19
450	17	26	19	24
451	17	26	24	20
452	17	26	20	23
453	17	26	23	21
454	17	26	21	22
455	18	27	19	26
456	18	27	26	20
457	18	27	20	25
458	18	27	25	21
459	18	27	21	24
460	18	27	24	22
461	18	27	22	23
462	19	28	20	27
463	19	28	27	21
464	19	28	21	26
465	19	28	26	22
466	19	28	22	25
467	19	28	25	23
468	19	28	23	24
469	20	29	21	28
470	20	29	28	22
471	20	29	22	27
472	20	29	27	23
473	20	29	23	26
474	20	29	26	24
475	20	29	24	25
476	21	30	22	29
477	21	30	29	23
478	21	30	23	28
479	21	30	28	24
480	21	30	24	27
481	21	30	27	25
482	21	30	25	26
483	22	31	23	30
484	22	31	30	24
485	22	31	24	29
486	22	31	29	25
487	22	31	25	28
488	22	31	28	26
489	22	31	26	27
490	23	32	24	31
491	23	32	31	25
492	23	32	25	30
493	23	32	30	26
494	23	32	26	29
495	23	32	29	27
496	23	32	27	28
497	24	33	25	32
498	24	33	32	26
499	24	33	26	31
500	24	33	31	27
501	24	33	27	30
502	24	33	30	28
503	24	33	28	29
504	25	34	26	33
505	25	34	33	27
506	25	34	27	32
507	25	34	32	28
508	25	34	28	31
509	25	34	31	29
510	25	34	29	30
511	26	35	27	34
512	26	35	34	28
513	26	35	28	33
514	26	35	33	29
515	26	35	29	32
516	26	35	32	30
517	26	35	30	31
518	27	36	28	35
519	27	36	35	29
520	27	36	29	34
521	27	36	34	30
522	27	36	30	33
523	27	36	33	31
524	27	36	31	32
525	28	37	29	36
526	28	37	36	30
527	28	37	30	35
528	28	37	35	31
529	28	37	31	34
530	28	37	34	32
531	28	37	32	33
532	29	38	30	37
533	29	38	37	31
534	29	38	31	36
535	29	38	36	32
536	29	38	32	35
537	29	38	35	33
538	29	38	33	34
539	30	39	31	38
540	30	39	38	32
541	30	39	32	37
542	30	39	37	33
543	30	39	33	36
544	30	39	36	34
545	30	39	34	35
546	31	40	32	39
547	31	40	39	33
548	31	40	33	38
549	31	40	38	34
550	31	40	34	37
551	31	40	37	35
552	31	40	35	36
553	32	41	33	40
554	32	41	40	34
555	32	41	34	39
556	32	41	39	35
557	32	41	35	38
558	32	41	38	36
559	32	41	36	37
560	33	42	34	41
561	33	42	41	35
562	33	42	35	40
563	33	42	40	36
564	33	42	36	39
565	33	42	39	37
566	33	42	37	38
567	34	43	35	42
568	34	43	42	36
569	34	43	36	41
570	34	43	41	37
571	34	43	37	40
572	34	43	40	38
573	34	43	38	39
574	35	44	36	43
575	35	44	43	37
576	35	44	37	42
577	35	44	42	38
578	35	44	38	41
579	35	44	41	39
580	35	44	39	40
581	36	45	37	44
582	36	45	44	38
583	36	45	38	43
584	36	45	43	39
585	36	45	39	42
586	36	45	42	40
587	36	45	40	41
588	37	46	38	45
589	37	46	45	39
590	37	46	39	44
591	37	46	44	40
592	37	46	40	43
593	37	46	43	41
594	37	46	41	42
595	38	47	39	46
596	38	47	46	40
597	38	47	40	45
598	38	47	45	41
599	38	47	41	44
600	38	47	44	42
601	38	47	42	43
602	39	48	40	47
603	39	48	47	41
604	39	48	41	46
605	39	48	46	42
606	39	48	42	45
607	39	48	45	43
608	39	48	43	44
609	40	49	41	48
610	40	49	48	42
611	40	49	42	47
612	40	49	47	43
613	40	49	43	46
614	40	49	46	44
615	40	49	44	45
616	41	50	42	49
617	41	50	49	43
618	41	50	43	48
619	41	50	48	44
620	41	50	44	47
621	41	50	47	45
622	41	50	45	46
623	42	51	43	50
624	42	51	50	44
625	42	51	44	49
626	42	51	49	45
627	42	51	45	48
628	42	51	48	46
629	42	51	46	47
630	43	52	44	51
631	43	52	51	45
632	43	52	45	50
633	43	52	50	46
634	43	52	46	49
635	43	52	49	47
636	43	52	47	48
637	44	53	45	52
638	44	53	52	46
639	44	53	46	51
640	44	53	51	47
641	44	53	47	50
642	44	53	50	48
643	44	53	48	49
644	45	54	46	53
645	45	54	53	47
646	45	54	47	52
647	45	54	52	48
648	45	54	48	51
649	45	54	51	49
650	45	54	49	50
651	46	55	47	54
652	46	55	54	48
653	46	55	48	53
654	46	55	53	49
655	46	55	49	52
656	46	55	52	50
657	46	55	50	51
658	47	56	48	55
659	47	56	55	49
660	47	56	49	54
661	47	56	54	50
662	47	56	50	53
663	47	56	53	51
664	47	56	51	52
665	48	57	49	56
666	48	57	56	50
667	48	57	50	55
668	48	57	55	51
669	48	57	51	54
670	48	57	54	52
671	48	57	52	53
672	49	58	50	57
673	49	58	57	51
674	49	58	51	56
675	49	58	56	52
676	49	58	52	55
677	49	58	55	53
678	49	58	53	54
679	50	59	51	58
680	50	59	58	52
681	50	59	52	57
682	50	59	57	53
683	50	59	53	56
684	50	59	56	54
685	50	59	54	55
686	51	60	52	59
687	51	60	59	53
688	51	60	53	58
689	51	60	58	54
690	51	60	54	57
691	51	60	57	55
692	51	60	55	56
693	52	61	53	60
694	52	61	60	54
695	52	61	54	59
696	52	61	59	55
697	52	61	55	58
698	52	61	58	56
699	52	61	56	57
700	53	62	54	61
701	53	62	61	55
702	53	62	55	60
703	53	62	60	56
704	53	62	56	59
705	53	62	59	57
706	53	62	57	58
707	54	63	55	62
708	54	63	62	56
709	54	63	56	61
710	54	63	61	57
711	54	63	57	60
712	54	63	60	58
713	54	63	58	59
714	55	64	56	63
715	55	64	63	57
716	55	64	57	62
717	55	64	62	58
718	55	64	58	61
719	55	64	61	59
720	55	64	59	60
721	56	65	57	64
722	56	65	64	58
723	56	65	58	63
724	56	65	63	59
725	56	65	59	62
726	56	65	62	60
727	56	65	60	61
728	57	66	58	65
729	57	66	65	59
730	57	66	59	64
731	57	66	64	60
732	57	66	60	63
733	57	66	63	61
734	57	66	61	62
735	58	67	59	66
736	58	67	66	60
737	58	67	60	65
738	58	67	65	61
739	58	67	61	64
740	58	67	64	62
741	58	67	62	63
742	59	68	60	67
743	59	68	67	61
744	59	68	61	66
745	59	68	66	62
746	59	68	62	65
747	59	68	65	63
748	59	68	63	64
749	60	69	61	68
750	60	69	68	62
751	60	69	62	67
752	60	69	67	63
753	60	69	63	66
754	60	69	66	64
755	60	69	64	65
756	61	70	62	69
757	61	70	69	63
758	61	70	63	68
759	61	70	68	64
760	61	70	64	67
761	61	70	67	65
762	61	70	65	66
763	62	71	63	70
764	62	71	70	64
765	62	71	64	69
766	62	71	69	65
767	62	71	65	68
768	62	71	68	66
769	62	71	66	67
770	63	72	64	71
771	63	72	71	65
772	63	72	65	70
773	63	72	70	66
774	63	72	66	69
775	63	72	69	67
776	63	72	67	68
777	1	13	2	12
778	1	13	12	3
779	1	13	3	11
780	1	13	11	4
781	1	13	4	10
782	1	13	10	5
783	1	13	5	9
784	1	13	9	6
785	1	13	6	8
786	2	14	3	13
787	2	14	13	4
788	2	14	4	12
789	2	14	12	5
790	2	14	5	11
791	2	14	11	6
792	2	14	6	10
793	2	14	10	7
794	2	14	7	9
795	3	15	4	14
796	3	15	14	5
797	3	15	5	13
798	3	15	13	6
799	3	15	6	12
800	3	15	12	7
801	3	15	7	11
802	3	15	11	8
803	3	15	8	10
804	4	16	5	15
805	4	16	15	6
806	4	16	6	14
807	4	16	14	7
808	4	16	7	13
809	4	16	13	8
810	4	16	8	12
811	4	16	12	9
812	4	16	9	11
813	5	17	6	16
814	5	17	16	7
815	5	17	7	15
816	5	17	15	8
817	5	17	8	14
818	5	17	14	9
819	5	17	9	13
820	5	17	13	10
821	5	17	10	12
822	6	18	7	17
823	6	18	17	8
824	6	18	8	16
825	6	18	16	9
826	6	18	9	15
827	6	18	15	10
828	6	18	10	14
829	6	18	14	11
830	6	18	11	13
831	7	19	8	18
832	7	19	18	9
833	7	19	9	17
834	7	19	17	10
835	7	19	10	16
836	7	19	16	11
837	7	19	11	15
838	7	19	15	12
839	7	19	12	14
840	8	20	9	19
841	8	20	19	10
842	8	20	10	18
843	8	20	18	11
844	8	20	11	17
845	8	20	17	12
846	8	20	12	16
847	8	20	16	13
848	8	20	13	15
849	9	21	10	20
850	9	21	20	11
851	9	21	11	19
852	9	21	19	12
853	9	21	12	18
854	9	21	18	13
855	9	21	13	17
856	9	21	17	14
857	9	21	14	16
858	10	22	11	21
859	10	22	21	12
860	10	22	12	20
861	10	22	20	13
862	10	22	13	19
863	10	22	19	14
864	10	22	14	18
865	10	22	18	15
866	10	22	15	17
867	11	23	12	22
868	11	23	22	13
869	11	23	13	21
870	11	23	21	14
871	11	23	14	20
872	11	23	20	15
873	11	23	15	19
874	11	23	19	16
875	11	23	16	18
876	12	24	13	23
877	12	24	23	14
878	12	24	14	22
879	12	24	22	15
880	12	24	15	21
881	12	24	21	16
882	12	24	16	20
883	12	24	20	17
884	12	24	17	19
885	13	25	14	24
886	13	25	24	15
887	13	25	15	23
888	13	25	23	16
889	13	25	16	22
890	13	25	22	17
891	13	25	17	21
892	13	25	21	18
893	13	25	18	20
894	14	26	15	25
895	14	26	25	16
896	14	26	16	24
897	14	26	24	17
898	14	26	17	23
899	14	26	23	18
900	14	26	18	22
901	14	26	22	19
902	14	26	19	21
903	15	27	16	26
904	15	27	26	17
905	15	27	17	25
906	15	27	25	18
907	15	27	18	24
908	15	27	24	19
909	15	27	19	23
910	15	27	23	20
911	15	27	20	22
912	16	28	17	27
913	16	28	27	18
914	16	28	18	26
915	16	28	26	19
916	16	28	19	25
917	16	28	25	20
918	16	28	20	24
919	16	28	24	21
920	16	28	21	23
921	17	29	18	28
922	17	29	28	19
923	17	29	19	27
924	17	29	27	20
925	17	29	20	26
926	17	29	26	21
927	17	29	21	25
928	17	29	25	22
929	17	29	22	24
930	18	30	19	29
931	18	30	29	20
932	18	30	20	28
933	18	30	28	21
934	18	30	21	27
935	18	30	27	22
936	18	30	22	26
937	18	30	26	23
938	18	30	23	25
939	19	31	20	30
940	19	31	30	21
941	19	31	21	29
942	19	31	29	22
943	19	31	22	28
944	19	31	28	23
945	19	31	23	27
946	19	31	27	24
947	19	31	24	26
948	20	32	21	31
949	20	32	31	22
950	20	32	22	30
951	20	32	30	23
952	20	32	23	29
953	20	32	29	24
954	20	32	24	28
955	20	32	28	25
956	20	32	25	27
957	21	33	22	32
958	21	33	32	23
959	21	33	23	31
960	21	33	31	24
961	21	33	24	30
962	21	33	30	25
963	21	33	25	29
964	21	33	29	26
965	21	33	26	28
966	22	34	23	33
967	22	34	33	24
968	22	34	24	32
969	22	34	32	25
970	22	34	25	31
971	22	34	31	26
972	22	34	26	30
973	22	34	30	27
974	22	34	27	29
975	23	35	24	34
976	23	35	34	25
977	23	35	25	33
978	23	35	33	26
979	23	35	26	32
980	23	35	32	27
981	23	35	27	31
982	23	35	31	28
983	23	35	28	30
984	24	36	25	35
985	24	36	35	26
986	24	36	26	34
987	24	36	34	27
988	24	36	27	33
989	24	36	33	28
990	24	36	28	32
991	24	36	32	29
992	24	36	29	31
993	25	37	26	36
994	25	37	36	27
995	25	37	27	35
996	25	37	35	28
997	25	37	28	34
998	25	37	34	29
999	25	37	29	33
1000	25	37	33	30
1001	25	37	30	32
1002	26	38	27	37
1003	26	38	37	28
1004	26	38	28	36
1005	26	38	36	29
1006	26	38	29	35
1007	26	38	35	30
1008	26	38	30	34
1009	26	38	34	31
1010	26	38	31	33
1011	27	39	28	38
1012	27	39	38	29
1013	27	39	29	37
1014	27	39	37	30
1015	27	39	30	36
1016	27	39	36	31
1017	27	39	31	35
1018	27	39	35	32
1019	27	39	32	34
1020	28	40	29	39
1021	28	40	39	30
1022	28	40	30	38
1023	28	40	38	31
1024	28	40	31	37
1025	28	40	37	32
1026	28	40	32	36
1027	28	40	36	33
1028	28	40	33	35
1029	29	41	30	40
1030	29	41	40	31
1031	29	41	31	39
1032	29	41	39	32
1033	29	41	32	38
1034	29	41	38	33
1035	29	41	33	37
1036	29	41	37	34
1037	29	41	34	36
1038	30	42	31	41
1039	30	42	41	32
1040	30	42	32	40
1041	30	42	40	33
1042	30	42	33	39
1043	30	42	39	34
1044	30	42	34	38
1045	30	42	38	35
1046	30	42	35	37
1047	31	43	32	42
1048	31	43	42	33
1049	31	43	33	41
1050	31	43	41	34
1051	31	43	34	40
1052	31	43	40	35
1053	31	43	35	39
1054	31	43	39	36
1055	31	43	36	38
1056	32	44	33	43
1057	32	44	43	34
1058	32	44	34	42
1059	32	44	42	35
1060	32	44	35	41
1061	32	44	41	36
1062	32	44	36	40
1063	32	44	40	37
1064	32	44	37	39
1065	33	45	34	44
1066	33	45	44	35
1067	33	45	35	43
1068	33	45	43	36
1069	33	45	36	42
1070	33	45	42	37
1071	33	45	37	41
1072	33	45	41	38
1073	33	45	38	40
1074	34	46	35	45
1075	34	46	45	36
1076	34	46	36	44
1077	34	46	44	37
1078	34	46	37	43
1079	34	46	43	38
1080	34	46	38	42
1081	34	46	42	39
1082	34	46	39	41
1083	35	47	36	46
1084	35	47	46	37
1085	35	47	37	45
1086	35	47	45	38
1087	35	47	38	44
1088	35	47	44	39
1089	35	47	39	43
1090	35	47	43	40
1091	35	47	40	42
1092	36	48	37	47
1093	36	48	47	38
1094	36	48	38	46
1095	36	48	46	39
1096	36	48	39	45
1097	36	48	45	40
1098	36	48	40	44
1099	36	48	44	41
1100	36	48	41	43
1101	37	49	38	48
1102	37	49	48	39
1103	37	49	39	47
1104	37	49	47	40
1105	37	49	40	46
1106	37	49	46	41
1107	37	49	41	45
1108	37	49	45	42
1109	37	49	42	44
1110	38	50	39	49
1111	38	50	49	40
1112	38	50	40	48
1113	38	50	48	41
1114	38	50	41	47
1115	38	50	47	42
1116	38	50	42	46
1117	38	50	46	43
1118	38	50	43	45
1119	39	51	40	50
1120	39	51	50	41
1121	39	51	41	49
1122	39	51	49	42
1123	39	51	42	48
1124	39	51	48	43
1125	39	51	43	47
1126	39	51	47	44
1127	39	51	44	46
1128	40	52	41	51
1129	40	52	51	42
1130	40	52	42	50
1131	40	52	50	43
1132	40	52	43	49
1133	40	52	49	44
1134	40	52	44	48
1135	40	52	48	45
1136	40	52	45	47
1137	41	53	42	52
1138	41	53	52	43
1139	41	53	43	51
1140	41	53	51	44
1141	41	53	44	50
1142	41	53	50	45
1143	41	53	45	49
1144	41	53	49	46
1145	41	53	46	48
1146	42	54	43	53
1147	42	54	53	44
1148	42	54	44	52
1149	42	54	52	45
1150	42	54	45	51
1151	42	54	51	46
1152	42	54	46	50
1153	42	54	50	47
1154	42	54	47	49
1155	43	55	44	54
1156	43	55	54	45
1157	43	55	45	53
1158	43	55	53	46
1159	43	55	46	52
1160	43	55	52	47
1161	43	55	47	51
1162	43	55	51	48
1163	43	55	48	50
1164	44	56	45	55
1165	44	56	55	46
1166	44	56	46	54
1167	44	56	54	47
1168	44	56	47	53
1169	44	56	53	48
1170	44	56	48	52
1171	44	56	52	49
1172	44	56	49	51
1173	45	57	46	56
1174	45	57	56	47
1175	45	57	47	55
1176	45	57	55	48
1177	45	57	48	54
1178	45	57	54	49
1179	45	57	49	53
1180	45	57	53	50
1181	45	57	50	52
1182	46	58	47	57
1183	46	58	57	48
1184	46	58	48	56
1185	46	58	56	49
1186	46	58	49	55
1187	46	58	55	50
1188	46	58	50	54
1189	46	58	54	51
1190	46	58	51	53
1191	47	59	48	58
1192	47	59	58	49
1193	47	59	49	57
1194	47	59	57	50
1195	47	59	50	56
1196	47	59	56	51
1197	47	59	51	55
1198	47	59	55	52
1199	47	59	52	54
1200	48	60	49	59
1201	48	60	59	50
1202	48	60	50	58
1203	48	60	58	51
1204	48	60	51	57
1205	48	60	57	52
1206	48	60	52	56
1207	48	60	56	53
1208	48	60	53	55
1209	49	61	50	60
1210	49	61	60	51
1211	49	61	51	59
1212	49	61	59	52
1213	49	61	52	58
1214	49	61	58	53
1215	49	61	53	57
1216	49	61	57	54
1217	49	61	54	56
1218	50	62	51	61
1219	50	62	61	52
1220	50	62	52	60
1221	50	62	60	53
1222	50	62	53	59
1223	50	62	59	54
1224	50	62	54	58
1225	50	62	58	55
1226	50	62	55	57
1227	51	63	52	62
1228	51	63	62	53
1229	51	63	53	61
1230	51	63	61	54
1231	51	63	54	60
1232	51	63	60	55
1233	51	63	55	59
1234	51	63	59	56
1235	51	63	56	58
1236	52	64	53	63
1237	52	64	63	54
1238	52	64	54	62
1239	52	64	62	55
1240	52	64	55	61
1241	52	64	61	56
1242	52	64	56	60
1243	52	64	60	57
1244	52	64	57	59
1245	53	65	54	64
1246	53	65	64	55
1247	53	65	55	63
1248	53	65	63	56
1249	53	65	56	62
1250	53	65	62	57
1251	53	65	57	61
1252	53	65	61	58
1253	53	65	58	60
1254	54	66	55	65
1255	54	66	65	56
1256	54	66	56	64
1257	54	66	64	57
1258	54	66	57	63
1259	54	66	63	58
1260	54	66	58	62
1261	54	66	62	59
1262	54	66	59	61
1263	55	67	56	66
1264	55	67	66	57
1265	55	67	57	65
1266	55	67	65	58
1267	55	67	58	64
1268	55	67	64	59
1269	55	67	59	63
1270	55	67	63	60
1271	55	67	60	62
1272	56	68	57	67
1273	56	68	67	58
1274	56	68	58	66
1275	56	68	66	59
1276	56	68	59	65
1277	56	68	65	60
1278	56	68	60	64
1279	56	68	64	61
1280	56	68	61	63
1281	57	69	58	68
1282	57	69	68	59
1283	57	69	59	67
1284	57	69	67	60
1285	57	69	60	66
1286	57	69	66	61
1287	57	69	61	65
1288	57	69	65	62
1289	57	69	62	64
1290	58	70	59	69
1291	58	70	69	60
1292	58	70	60	68
1293	58	70	68	61
1294	58	70	61	67
1295	58	70	67	62
1296	58	70	62	66
1297	58	70	66	63
1298	58	70	63	65
1299	59	71	60	70
1300	59	71	70	61
1301	59	71	61	69
1302	59	71	69	62
1303	59	71	62	68
1304	59	71	68	63
1305	59	71	63	67
1306	59	71	67	64
1307	59	71	64	66
1308	60	72	61	71
1309	60	72	71	62
1310	60	72	62	70
1311	60	72	70	63
1312	60	72	63	69
1313	60	72	69	64
1314	60	72	64	68
1315	60	72	68	65
1316	60	72	65	67
1317	1	16	2	15
1318	1	16	15	3
1319	1	16	3	14
1320	1	16	14	4
1321	1	16	4	13
1322	1	16	13	5
1323	1	16	5	12
1324	1	16	12	6
1325	1	16	6	11
1326	2	17	3	16
1327	2	17	16	4
1328	2	17	4	15
1329	2	17	15	5
1330	2	17	5	14
1331	2	17	14	6
1332	2	17	6	13
1333	2	17	13	7
1334	2	17	7	12
1335	3	18	4	17
1336	3	18	17	5
1337	3	18	5	16
1338	3	18	16	6
1339	3	18	6	15
1340	3	18	15	7
1341	3	18	7	14
1342	3	18	14	8
1343	3	18	8	13
1344	4	19	5	18
1345	4	19	18	6
1346	4	19	6	17
1347	4	19	17	7
1348	4	19	7	16
1349	4	19	16	8
1350	4	19	8	15
1351	4	19	15	9
1352	4	19	9	14
1353	5	20	6	19
1354	5	20	19	7
1355	5	20	7	18
1356	5	20	18	8
1357	5	20	8	17
1358	5	20	17	9
1359	5	20	9	16
1360	5	20	16	10
1361	5	20	10	15
1362	6	21	7	20
1363	6	21	20	8
1364	6	21	8	19
1365	6	21	19	9
1366	6	21	9	18
1367	6	21	18	10
1368	6	21	10	17
1369	6	21	17	11
1370	6	21	11	16
1371	7	22	8	21
1372	7	22	21	9
1373	7	22	9	20
1374	7	22	20	10
1375	7	22	10	19
1376	7	22	19	11
1377	7	22	11	18
1378	7	22	18	12
1379	7	22	12	17
1380	8	23	9	22
1381	8	23	22	10
1382	8	23	10	21
1383	8	23	21	11
1384	8	23	11	20
1385	8	23	20	12
1386	8	23	12	19
1387	8	23	19	13
1388	8	23	13	18
1389	9	24	10	23
1390	9	24	23	11
1391	9	24	11	22
1392	9	24	22	12
1393	9	24	12	21
1394	9	24	21	13
1395	9	24	13	20
1396	9	24	20	14
1397	9	24	14	19
1398	10	25	11	24
1399	10	25	24	12
1400	10	25	12	23
1401	10	25	23	13
1402	10	25	13	22
1403	10	25	22	14
1404	10	25	14	21
1405	10	25	21	15
1406	10	25	15	20
1407	11	26	12	25
1408	11	26	25	13
1409	11	26	13	24
1410	11	26	24	14
1411	11	26	14	23
1412	11	26	23	15
1413	11	26	15	22
1414	11	26	22	16
1415	11	26	16	21
1416	12	27	13	26
1417	12	27	26	14
1418	12	27	14	25
1419	12	27	25	15
1420	12	27	15	24
1421	12	27	24	16
1422	12	27	16	23
1423	12	27	23	17
1424	12	27	17	22
1425	13	28	14	27
1426	13	28	27	15
1427	13	28	15	26
1428	13	28	26	16
1429	13	28	16	25
1430	13	28	25	17
1431	13	28	17	24
1432	13	28	24	18
1433	13	28	18	23
1434	14	29	15	28
1435	14	29	28	16
1436	14	29	16	27
1437	14	29	27	17
1438	14	29	17	26
1439	14	29	26	18
1440	14	29	18	25
1441	14	29	25	19
1442	14	29	19	24
1443	15	30	16	29
1444	15	30	29	17
1445	15	30	17	28
1446	15	30	28	18
1447	15	30	18	27
1448	15	30	27	19
1449	15	30	19	26
1450	15	30	26	20
1451	15	30	20	25
1452	16	31	17	30
1453	16	31	30	18
1454	16	31	18	29
1455	16	31	29	19
1456	16	31	19	28
1457	16	31	28	20
1458	16	31	20	27
1459	16	31	27	21
1460	16	31	21	26
1461	17	32	18	31
1462	17	32	31	19
1463	17	32	19	30
1464	17	32	30	20
1465	17	32	20	29
1466	17	32	29	21
1467	17	32	21	28
1468	17	32	28	22
1469	17	32	22	27
1470	18	33	19	32
1471	18	33	32	20
1472	18	33	20	31
1473	18	33	31	21
1474	18	33	21	30
1475	18	33	30	22
1476	18	33	22	29
1477	18	33	29	23
1478	18	33	23	28
1479	19	34	20	33
1480	19	34	33	21
1481	19	34	21	32
1482	19	34	32	22
1483	19	34	22	31
1484	19	34	31	23
1485	19	34	23	30
1486	19	34	30	24
1487	19	34	24	29
1488	20	35	21	34
1489	20	35	34	22
1490	20	35	22	33
1491	20	35	33	23
1492	20	35	23	32
1493	20	35	32	24
1494	20	35	24	31
1495	20	35	31	25
1496	20	35	25	30
1497	21	36	22	35
1498	21	36	35	23
1499	21	36	23	34
1500	21	36	34	24
1501	21	36	24	33
1502	21	36	33	25
1503	21	36	25	32
1504	21	36	32	26
1505	21	36	26	31
1506	22	37	23	36
1507	22	37	36	24
1508	22	37	24	35
1509	22	37	35	25
1510	22	37	25	34
1511	22	37	34	26
1512	22	37	26	33
1513	22	37	33	27
1514	22	37	27	32
1515	23	38	24	37
1516	23	38	37	25
1517	23	38	25	36
1518	23	38	36	26
1519	23	38	26	35
1520	23	38	35	27
1521	23	38	27	34
1522	23	38	34	28
1523	23	38	28	33
1524	24	39	25	38
1525	24	39	38	26
1526	24	39	26	37
1527	24	39	37	27
1528	24	39	27	36
1529	24	39	36	28
1530	24	39	28	35
1531	24	39	35	29
1532	24	39	29	34
1533	25	40	26	39
1534	25	40	39	27
1535	25	40	27	38
1536	25	40	38	28
1537	25	40	28	37
1538	25	40	37	29
1539	25	40	29	36
1540	25	40	36	30
1541	25	40	30	35
1542	26	41	27	40
1543	26	41	40	28
1544	26	41	28	39
1545	26	41	39	29
1546	26	41	29	38
1547	26	41	38	30
1548	26	41	30	37
1549	26	41	37	31
1550	26	41	31	36
1551	27	42	28	41
1552	27	42	41	29
1553	27	42	29	40
1554	27	42	40	30
1555	27	42	30	39
1556	27	42	39	31
1557	27	42	31	38
1558	27	42	38	32
1559	27	42	32	37
1560	28	43	29	42
1561	28	43	42	30
1562	28	43	30	41
1563	28	43	41	31
1564	28	43	31	40
1565	28	43	40	32
1566	28	43	32	39
1567	28	43	39	33
1568	28	43	33	38
1569	29	44	30	43
1570	29	44	43	31
1571	29	44	31	42
1572	29	44	42	32
1573	29	44	32	41
1574	29	44	41	33
1575	29	44	33	40
1576	29	44	40	34
1577	29	44	34	39
1578	30	45	31	44
1579	30	45	44	32
1580	30	45	32	43
1581	30	45	43	33
1582	30	45	33	42
1583	30	45	42	34
1584	30	45	34	41
1585	30	45	41	35
1586	30	45	35	40
1587	31	46	32	45
1588	31	46	45	33
1589	31	46	33	44
1590	31	46	44	34
1591	31	46	34	43
1592	31	46	43	35
1593	31	46	35	42
1594	31	46	42	36
1595	31	46	36	41
1596	32	47	33	46
1597	32	47	46	34
1598	32	47	34	45
1599	32	47	45	35
1600	32	47	35	44
1601	32	47	44	36
1602	32	47	36	43
1603	32	47	43	37
1604	32	47	37	42
1605	33	48	34	47
1606	33	48	47	35
1607	33	48	35	46
1608	33	48	46	36
1609	33	48	36	45
1610	33	48	45	37
1611	33	48	37	44
1612	33	48	44	38
1613	33	48	38	43
1614	34	49	35	48
1615	34	49	48	36
1616	34	49	36	47
1617	34	49	47	37
1618	34	49	37	46
1619	34	49	46	38
1620	34	49	38	45
1621	34	49	45	39
1622	34	49	39	44
1623	35	50	36	49
1624	35	50	49	37
1625	35	50	37	48
1626	35	50	48	38
1627	35	50	38	47
1628	35	50	47	39
1629	35	50	39	46
1630	35	50	46	40
1631	35	50	40	45
1632	36	51	37	50
1633	36	51	50	38
1634	36	51	38	49
1635	36	51	49	39
1636	36	51	39	48
1637	36	51	48	40
1638	36	51	40	47
1639	36	51	47	41
1640	36	51	41	46
1641	37	52	38	51
1642	37	52	51	39
1643	37	52	39	50
1644	37	52	50	40
1645	37	52	40	49
1646	37	52	49	41
1647	37	52	41	48
1648	37	52	48	42
1649	37	52	42	47
1650	38	53	39	52
1651	38	53	52	40
1652	38	53	40	51
1653	38	53	51	41
1654	38	53	41	50
1655	38	53	50	42
1656	38	53	42	49
1657	38	53	49	43
1658	38	53	43	48
1659	39	54	40	53
1660	39	54	53	41
1661	39	54	41	52
1662	39	54	52	42
1663	39	54	42	51
1664	39	54	51	43
1665	39	54	43	50
1666	39	54	50	44
1667	39	54	44	49
1668	40	55	41	54
1669	40	55	54	42
1670	40	55	42	53
1671	40	55	53	43
1672	40	55	43	52
1673	40	55	52	44
1674	40	55	44	51
1675	40	55	51	45
1676	40	55	45	50
1677	41	56	42	55
1678	41	56	55	43
1679	41	56	43	54
1680	41	56	54	44
1681	41	56	44	53
1682	41	56	53	45
1683	41	56	45	52
1684	41	56	52	46
1685	41	56	46	51
1686	42	57	43	56
1687	42	57	56	44
1688	42	57	44	55
1689	42	57	55	45
1690	42	57	45	54
1691	42	57	54	46
1692	42	57	46	53
1693	42	57	53	47
1694	42	57	47	52
1695	43	58	44	57
1696	43	58	57	45
1697	43	58	45	56
1698	43	58	56	46
1699	43	58	46	55
1700	43	58	55	47
1701	43	58	47	54
1702	43	58	54	48
1703	43	58	48	53
1704	44	59	45	58
1705	44	59	58	46
1706	44	59	46	57
1707	44	59	57	47
1708	44	59	47	56
1709	44	59	56	48
1710	44	59	48	55
1711	44	59	55	49
1712	44	59	49	54
1713	45	60	46	59
1714	45	60	59	47
1715	45	60	47	58
1716	45	60	58	48
1717	45	60	48	57
1718	45	60	57	49
1719	45	60	49	56
1720	45	60	56	50
1721	45	60	50	55
1722	46	61	47	60
1723	46	61	60	48
1724	46	61	48	59
1725	46	61	59	49
1726	46	61	49	58
1727	46	61	58	50
1728	46	61	50	57
1729	46	61	57	51
1730	46	61	51	56
1731	47	62	48	61
1732	47	62	61	49
1733	47	62	49	60
1734	47	62	60	50
1735	47	62	50	59
1736	47	62	59	51
1737	47	62	51	58
1738	47	62	58	52
1739	47	62	52	57
1740	48	63	49	62
1741	48	63	62	50
1742	48	63	50	61
1743	48	63	61	51
1744	48	63	51	60
1745	48	63	60	52
1746	48	63	52	59
1747	48	63	59	53
1748	48	63	53	58
1749	49	64	50	63
1750	49	64	63	51
1751	49	64	51	62
1752	49	64	62	52
1753	49	64	52	61
1754	49	64	61	53
1755	49	64	53	60
1756	49	64	60	54
1757	49	64	54	59
1758	50	65	51	64
1759	50	65	64	52
1760	50	65	52	63
1761	50	65	63	53
1762	50	65	53	62
1763	50	65	62	54
1764	50	65	54	61
1765	50	65	61	55
1766	50	65	55	60
1767	51	66	52	65
1768	51	66	65	53
1769	51	66	53	64
1770	51	66	64	54
1771	51	66	54	63
1772	51	66	63	55
1773	51	66	55	62
1774	51	66	62	56
1775	51	66	56	61
1776	52	67	53	66
1777	52	67	66	54
1778	52	67	54	65
1779	52	67	65	55
1780	52	67	55	64
1781	52	67	64	56
1782	52	67	56	63
1783	52	67	63	57
1784	52	67	57	62
1785	53	68	54	67
1786	53	68	67	55
1787	53	68	55	66
1788	53	68	66	56
1789	53	68	56	65
1790	53	68	65	57
1791	53	68	57	64
1792	53	68	64	58
1793	53	68	58	63
1794	54	69	55	68
1795	54	69	68	56
1796	54	69	56	67
1797	54	69	67	57
1798	54	69	57	66
1799	54	69	66	58
1800	54	69	58	65
1801	54	69	65	59
1802	54	69	59	64
1803	55	70	56	69
1804	55	70	69	57
1805	55	70	57	68
1806	55	70	68	58
1807	55	70	58	67
1808	55	70	67	59
1809	55	70	59	66
1810	55	70	66	60
1811	55	70	60	65
1812	56	71	57	70
1813	56	71	70	58
1814	56	71	58	69
1815	56	71	69	59
1816	56	71	59	68
1817	56	71	68	60
1818	56	71	60	67
1819	56	71	67	61
1820	56	71	61	66
1821	57	72	58	71
1822	57	72	71	59
1823	57	72	59	70
1824	57	72	70	60
1825	57	72	60	69
1826	57	72	69	61
1827	57	72	61	68
1828	57	72	68	62
1829	57	72	62	67
1830	1	19	2	18
1831	1	19	18	3
1832	1	19	3	17
1833	1	19	17	4
1834	1	19	4	16
1835	1	19	16	5
1836	1	19	5	15
1837	1	19	15	6
1838	1	19	6	14
1839	2	20	3	19
1840	2	20	19	4
1841	2	20	4	18
1842	2	20	18	5
1843	2	20	5	17
1844	2	20	17	6
1845	2	20	6	16
1846	2	20	16	7
1847	2	20	7	15
1848	3	21	4	20
1849	3	21	20	5
1850	3	21	5	19
1851	3	21	19	6
1852	3	21	6	18
1853	3	21	18	7
1854	3	21	7	17
1855	3	21	17	8
1856	3	21	8	16
1857	4	22	5	21
1858	4	22	21	6
1859	4	22	6	20
1860	4	22	20	7
1861	4	22	7	19
1862	4	22	19	8
1863	4	22	8	18
1864	4	22	18	9
1865	4	22	9	17
1866	5	23	6	22
1867	5	23	22	7
1868	5	23	7	21
1869	5	23	21	8
1870	5	23	8	20
1871	5	23	20	9
1872	5	23	9	19
1873	5	23	19	10
1874	5	23	10	18
1875	6	24	7	23
1876	6	24	23	8
1877	6	24	8	22
1878	6	24	22	9
1879	6	24	9	21
1880	6	24	21	10
1881	6	24	10	20
1882	6	24	20	11
1883	6	24	11	19
1884	7	25	8	24
1885	7	25	24	9
1886	7	25	9	23
1887	7	25	23	10
1888	7	25	10	22
1889	7	25	22	11
1890	7	25	11	21
1891	7	25	21	12
1892	7	25	12	20
1893	8	26	9	25
1894	8	26	25	10
1895	8	26	10	24
1896	8	26	24	11
1897	8	26	11	23
1898	8	26	23	12
1899	8	26	12	22
1900	8	26	22	13
1901	8	26	13	21
1902	9	27	10	26
1903	9	27	26	11
1904	9	27	11	25
1905	9	27	25	12
1906	9	27	12	24
1907	9	27	24	13
1908	9	27	13	23
1909	9	27	23	14
1910	9	27	14	22
1911	10	28	11	27
1912	10	28	27	12
1913	10	28	12	26
1914	10	28	26	13
1915	10	28	13	25
1916	10	28	25	14
1917	10	28	14	24
1918	10	28	24	15
1919	10	28	15	23
1920	11	29	12	28
1921	11	29	28	13
1922	11	29	13	27
1923	11	29	27	14
1924	11	29	14	26
1925	11	29	26	15
1926	11	29	15	25
1927	11	29	25	16
1928	11	29	16	24
1929	12	30	13	29
1930	12	30	29	14
1931	12	30	14	28
1932	12	30	28	15
1933	12	30	15	27
1934	12	30	27	16
1935	12	30	16	26
1936	12	30	26	17
1937	12	30	17	25
1938	13	31	14	30
1939	13	31	30	15
1940	13	31	15	29
1941	13	31	29	16
1942	13	31	16	28
1943	13	31	28	17
1944	13	31	17	27
1945	13	31	27	18
1946	13	31	18	26
1947	14	32	15	31
1948	14	32	31	16
1949	14	32	16	30
1950	14	32	30	17
1951	14	32	17	29
1952	14	32	29	18
1953	14	32	18	28
1954	14	32	28	19
1955	14	32	19	27
1956	15	33	16	32
1957	15	33	32	17
1958	15	33	17	31
1959	15	33	31	18
1960	15	33	18	30
1961	15	33	30	19
1962	15	33	19	29
1963	15	33	29	20
1964	15	33	20	28
1965	16	34	17	33
1966	16	34	33	18
1967	16	34	18	32
1968	16	34	32	19
1969	16	34	19	31
1970	16	34	31	20
1971	16	34	20	30
1972	16	34	30	21
1973	16	34	21	29
1974	17	35	18	34
1975	17	35	34	19
1976	17	35	19	33
1977	17	35	33	20
1978	17	35	20	32
1979	17	35	32	21
1980	17	35	21	31
1981	17	35	31	22
1982	17	35	22	30
1983	18	36	19	35
1984	18	36	35	20
1985	18	36	20	34
1986	18	36	34	21
1987	18	36	21	33
1988	18	36	33	22
1989	18	36	22	32
1990	18	36	32	23
1991	18	36	23	31
1992	19	37	20	36
1993	19	37	36	21
1994	19	37	21	35
1995	19	37	35	22
1996	19	37	22	34
1997	19	37	34	23
1998	19	37	23	33
1999	19	37	33	24
2000	19	37	24	32
2001	20	38	21	37
2002	20	38	37	22
2003	20	38	22	36
2004	20	38	36	23
2005	20	38	23	35
2006	20	38	35	24
2007	20	38	24	34
2008	20	38	34	25
2009	20	38	25	33
2010	21	39	22	38
2011	21	39	38	23
2012	21	39	23	37
2013	21	39	37	24
2014	21	39	24	36
2015	21	39	36	25
2016	21	39	25	35
2017	21	39	35	26
2018	21	39	26	34
2019	22	40	23	39
2020	22	40	39	24
2021	22	40	24	38
2022	22	40	38	25
2023	22	40	25	37
2024	22	40	37	26
2025	22	40	26	36
2026	22	40	36	27
2027	22	40	27	35
2028	23	41	24	40
2029	23	41	40	25
2030	23	41	25	39
2031	23	41	39	26
2032	23	41	26	38
2033	23	41	38	27
2034	23	41	27	37
2035	23	41	37	28
2036	23	41	28	36
2037	24	42	25	41
2038	24	42	41	26
2039	24	42	26	40
2040	24	42	40	27
2041	24	42	27	39
2042	24	42	39	28
2043	24	42	28	38
2044	24	42	38	29
2045	24	42	29	37
2046	25	43	26	42
2047	25	43	42	27
2048	25	43	27	41
2049	25	43	41	28
2050	25	43	28	40
2051	25	43	40	29
2052	25	43	29	39
2053	25	43	39	30
2054	25	43	30	38
2055	26	44	27	43
2056	26	44	43	28
2057	26	44	28	42
2058	26	44	42	29
2059	26	44	29	41
2060	26	44	41	30
2061	26	44	30	40
2062	26	44	40	31
2063	26	44	31	39
2064	27	45	28	44
2065	27	45	44	29
2066	27	45	29	43
2067	27	45	43	30
2068	27	45	30	42
2069	27	45	42	31
2070	27	45	31	41
2071	27	45	41	32
2072	27	45	32	40
2073	28	46	29	45
2074	28	46	45	30
2075	28	46	30	44
2076	28	46	44	31
2077	28	46	31	43
2078	28	46	43	32
2079	28	46	32	42
2080	28	46	42	33
2081	28	46	33	41
2082	29	47	30	46
2083	29	47	46	31
2084	29	47	31	45
2085	29	47	45	32
2086	29	47	32	44
2087	29	47	44	33
2088	29	47	33	43
2089	29	47	43	34
2090	29	47	34	42
2091	30	48	31	47
2092	30	48	47	32
2093	30	48	32	46
2094	30	48	46	33
2095	30	48	33	45
2096	30	48	45	34
2097	30	48	34	44
2098	30	48	44	35
2099	30	48	35	43
2100	31	49	32	48
2101	31	49	48	33
2102	31	49	33	47
2103	31	49	47	34
2104	31	49	34	46
2105	31	49	46	35
2106	31	49	35	45
2107	31	49	45	36
2108	31	49	36	44
2109	32	50	33	49
2110	32	50	49	34
2111	32	50	34	48
2112	32	50	48	35
2113	32	50	35	47
2114	32	50	47	36
2115	32	50	36	46
2116	32	50	46	37
2117	32	50	37	45
2118	33	51	34	50
2119	33	51	50	35
2120	33	51	35	49
2121	33	51	49	36
2122	33	51	36	48
2123	33	51	48	37
2124	33	51	37	47
2125	33	51	47	38
2126	33	51	38	46
2127	34	52	35	51
2128	34	52	51	36
2129	34	52	36	50
2130	34	52	50	37
2131	34	52	37	49
2132	34	52	49	38
2133	34	52	38	48
2134	34	52	48	39
2135	34	52	39	47
2136	35	53	36	52
2137	35	53	52	37
2138	35	53	37	51
2139	35	53	51	38
2140	35	53	38	50
2141	35	53	50	39
2142	35	53	39	49
2143	35	53	49	40
2144	35	53	40	48
2145	36	54	37	53
2146	36	54	53	38
2147	36	54	38	52
2148	36	54	52	39
2149	36	54	39	51
2150	36	54	51	40
2151	36	54	40	50
2152	36	54	50	41
2153	36	54	41	49
2154	37	55	38	54
2155	37	55	54	39
2156	37	55	39	53
2157	37	55	53	40
2158	37	55	40	52
2159	37	55	52	41
2160	37	55	41	51
2161	37	55	51	42
2162	37	55	42	50
2163	38	56	39	55
2164	38	56	55	40
2165	38	56	40	54
2166	38	56	54	41
2167	38	56	41	53
2168	38	56	53	42
2169	38	56	42	52
2170	38	56	52	43
2171	38	56	43	51
2172	39	57	40	56
2173	39	57	56	41
2174	39	57	41	55
2175	39	57	55	42
2176	39	57	42	54
2177	39	57	54	43
2178	39	57	43	53
2179	39	57	53	44
2180	39	57	44	52
2181	40	58	41	57
2182	40	58	57	42
2183	40	58	42	56
2184	40	58	56	43
2185	40	58	43	55
2186	40	58	55	44
2187	40	58	44	54
2188	40	58	54	45
2189	40	58	45	53
2190	41	59	42	58
2191	41	59	58	43
2192	41	59	43	57
2193	41	59	57	44
2194	41	59	44	56
2195	41	59	56	45
2196	41	59	45	55
2197	41	59	55	46
2198	41	59	46	54
2199	42	60	43	59
2200	42	60	59	44
2201	42	60	44	58
2202	42	60	58	45
2203	42	60	45	57
2204	42	60	57	46
2205	42	60	46	56
2206	42	60	56	47
2207	42	60	47	55
2208	43	61	44	60
2209	43	61	60	45
2210	43	61	45	59
2211	43	61	59	46
2212	43	61	46	58
2213	43	61	58	47
2214	43	61	47	57
2215	43	61	57	48
2216	43	61	48	56
2217	44	62	45	61
2218	44	62	61	46
2219	44	62	46	60
2220	44	62	60	47
2221	44	62	47	59
2222	44	62	59	48
2223	44	62	48	58
2224	44	62	58	49
2225	44	62	49	57
2226	45	63	46	62
2227	45	63	62	47
2228	45	63	47	61
2229	45	63	61	48
2230	45	63	48	60
2231	45	63	60	49
2232	45	63	49	59
2233	45	63	59	50
2234	45	63	50	58
2235	46	64	47	63
2236	46	64	63	48
2237	46	64	48	62
2238	46	64	62	49
2239	46	64	49	61
2240	46	64	61	50
2241	46	64	50	60
2242	46	64	60	51
2243	46	64	51	59
2244	47	65	48	64
2245	47	65	64	49
2246	47	65	49	63
2247	47	65	63	50
2248	47	65	50	62
2249	47	65	62	51
2250	47	65	51	61
2251	47	65	61	52
2252	47	65	52	60
2253	48	66	49	65
2254	48	66	65	50
2255	48	66	50	64
2256	48	66	64	51
2257	48	66	51	63
2258	48	66	63	52
2259	48	66	52	62
2260	48	66	62	53
2261	48	66	53	61
2262	49	67	50	66
2263	49	67	66	51
2264	49	67	51	65
2265	49	67	65	52
2266	49	67	52	64
2267	49	67	64	53
2268	49	67	53	63
2269	49	67	63	54
2270	49	67	54	62
2271	50	68	51	67
2272	50	68	67	52
2273	50	68	52	66
2274	50	68	66	53
2275	50	68	53	65
2276	50	68	65	54
2277	50	68	54	64
2278	50	68	64	55
2279	50	68	55	63
2280	51	69	52	68
2281	51	69	68	53
2282	51	69	53	67
2283	51	69	67	54
2284	51	69	54	66
2285	51	69	66	55
2286	51	69	55	65
2287	51	69	65	56
2288	51	69	56	64
2289	52	70	53	69
2290	52	70	69	54
2291	52	70	54	68
2292	52	70	68	55
2293	52	70	55	67
2294	52	70	67	56
2295	52	70	56	66
2296	52	70	66	57
2297	52	70	57	65
2298	53	71	54	70
2299	53	71	70	55
2300	53	71	55	69
2301	53	71	69	56
2302	53	71	56	68
2303	53	71	68	57
2304	53	71	57	67
2305	53	71	67	58
2306	53	71	58	66
2307	54	72	55	71
2308	54	72	71	56
2309	54	72	56	70
2310	54	72	70	57
2311	54	72	57	69
2312	54	72	69	58
2313	54	72	58	68
2314	54	72	68	59
2315	54	72	59	67
2316	1	23	3	21
2317	1	23	21	5
2318	1	23	5	19
2319	1	23	19	7
2320	1	23	7	17
2321	1	23	17	9
2322	1	23	9	15
2323	1	23	15	11
2324	1	23	11	13
2325	2	24	4	22
2326	2	24	22	6
2327	2	24	6	20
2328	2	24	20	8
2329	2	24	8	18
2330	2	24	18	10
2331	2	24	10	16
2332	2	24	16	12
2333	2	24	12	14
2334	3	25	5	23
2335	3	25	23	7
2336	3	25	7	21
2337	3	25	21	9
2338	3	25	9	19
2339	3	25	19	11
2340	3	25	11	17
2341	3	25	17	13
2342	3	25	13	15
2343	4	26	6	24
2344	4	26	24	8
2345	4	26	8	22
2346	4	26	22	10
2347	4	26	10	20
2348	4	26	20	12
2349	4	26	12	18
2350	4	26	18	14
2351	4	26	14	16
2352	5	27	7	25
2353	5	27	25	9
2354	5	27	9	23
2355	5	27	23	11
2356	5	27	11	21
2357	5	27	21	13
2358	5	27	13	19
2359	5	27	19	15
2360	5	27	15	17
2361	6	28	8	26
2362	6	28	26	10
2363	6	28	10	24
2364	6	28	24	12
2365	6	28	12	22
2366	6	28	22	14
2367	6	28	14	20
2368	6	28	20	16
2369	6	28	16	18
2370	7	29	9	27
2371	7	29	27	11
2372	7	29	11	25
2373	7	29	25	13
2374	7	29	13	23
2375	7	29	23	15
2376	7	29	15	21
2377	7	29	21	17
2378	7	29	17	19
2379	8	30	10	28
2380	8	30	28	12
2381	8	30	12	26
2382	8	30	26	14
2383	8	30	14	24
2384	8	30	24	16
2385	8	30	16	22
2386	8	30	22	18
2387	8	30	18	20
2388	9	31	11	29
2389	9	31	29	13
2390	9	31	13	27
2391	9	31	27	15
2392	9	31	15	25
2393	9	31	25	17
2394	9	31	17	23
2395	9	31	23	19
2396	9	31	19	21
2397	10	32	12	30
2398	10	32	30	14
2399	10	32	14	28
2400	10	32	28	16
2401	10	32	16	26
2402	10	32	26	18
2403	10	32	18	24
2404	10	32	24	20
2405	10	32	20	22
2406	11	33	13	31
2407	11	33	31	15
2408	11	33	15	29
2409	11	33	29	17
2410	11	33	17	27
2411	11	33	27	19
2412	11	33	19	25
2413	11	33	25	21
2414	11	33	21	23
2415	12	34	14	32
2416	12	34	32	16
2417	12	34	16	30
2418	12	34	30	18
2419	12	34	18	28
2420	12	34	28	20
2421	12	34	20	26
2422	12	34	26	22
2423	12	34	22	24
2424	13	35	15	33
2425	13	35	33	17
2426	13	35	17	31
2427	13	35	31	19
2428	13	35	19	29
2429	13	35	29	21
2430	13	35	21	27
2431	13	35	27	23
2432	13	35	23	25
2433	14	36	16	34
2434	14	36	34	18
2435	14	36	18	32
2436	14	36	32	20
2437	14	36	20	30
2438	14	36	30	22
2439	14	36	22	28
2440	14	36	28	24
2441	14	36	24	26
2442	15	37	17	35
2443	15	37	35	19
2444	15	37	19	33
2445	15	37	33	21
2446	15	37	21	31
2447	15	37	31	23
2448	15	37	23	29
2449	15	37	29	25
2450	15	37	25	27
2451	16	38	18	36
2452	16	38	36	20
2453	16	38	20	34
2454	16	38	34	22
2455	16	38	22	32
2456	16	38	32	24
2457	16	38	24	30
2458	16	38	30	26
2459	16	38	26	28
2460	17	39	19	37
2461	17	39	37	21
2462	17	39	21	35
2463	17	39	35	23
2464	17	39	23	33
2465	17	39	33	25
2466	17	39	25	31
2467	17	39	31	27
2468	17	39	27	29
2469	18	40	20	38
2470	18	40	38	22
2471	18	40	22	36
2472	18	40	36	24
2473	18	40	24	34
2474	18	40	34	26
2475	18	40	26	32
2476	18	40	32	28
2477	18	40	28	30
2478	19	41	21	39
2479	19	41	39	23
2480	19	41	23	37
2481	19	41	37	25
2482	19	41	25	35
2483	19	41	35	27
2484	19	41	27	33
2485	19	41	33	29
2486	19	41	29	31
2487	20	42	22	40
2488	20	42	40	24
2489	20	42	24	38
2490	20	42	38	26
2491	20	42	26	36
2492	20	42	36	28
2493	20	42	28	34
2494	20	42	34	30
2495	20	42	30	32
2496	21	43	23	41
2497	21	43	41	25
2498	21	43	25	39
2499	21	43	39	27
2500	21	43	27	37
2501	21	43	37	29
2502	21	43	29	35
2503	21	43	35	31
2504	21	43	31	33
2505	22	44	24	42
2506	22	44	42	26
2507	22	44	26	40
2508	22	44	40	28
2509	22	44	28	38
2510	22	44	38	30
2511	22	44	30	36
2512	22	44	36	32
2513	22	44	32	34
2514	23	45	25	43
2515	23	45	43	27
2516	23	45	27	41
2517	23	45	41	29
2518	23	45	29	39
2519	23	45	39	31
2520	23	45	31	37
2521	23	45	37	33
2522	23	45	33	35
2523	24	46	26	44
2524	24	46	44	28
2525	24	46	28	42
2526	24	46	42	30
2527	24	46	30	40
2528	24	46	40	32
2529	24	46	32	38
2530	24	46	38	34
2531	24	46	34	36
2532	25	47	27	45
2533	25	47	45	29
2534	25	47	29	43
2535	25	47	43	31
2536	25	47	31	41
2537	25	47	41	33
2538	25	47	33	39
2539	25	47	39	35
2540	25	47	35	37
2541	26	48	28	46
2542	26	48	46	30
2543	26	48	30	44
2544	26	48	44	32
2545	26	48	32	42
2546	26	48	42	34
2547	26	48	34	40
2548	26	48	40	36
2549	26	48	36	38
2550	27	49	29	47
2551	27	49	47	31
2552	27	49	31	45
2553	27	49	45	33
2554	27	49	33	43
2555	27	49	43	35
2556	27	49	35	41
2557	27	49	41	37
2558	27	49	37	39
2559	28	50	30	48
2560	28	50	48	32
2561	28	50	32	46
2562	28	50	46	34
2563	28	50	34	44
2564	28	50	44	36
2565	28	50	36	42
2566	28	50	42	38
2567	28	50	38	40
2568	29	51	31	49
2569	29	51	49	33
2570	29	51	33	47
2571	29	51	47	35
2572	29	51	35	45
2573	29	51	45	37
2574	29	51	37	43
2575	29	51	43	39
2576	29	51	39	41
2577	30	52	32	50
2578	30	52	50	34
2579	30	52	34	48
2580	30	52	48	36
2581	30	52	36	46
2582	30	52	46	38
2583	30	52	38	44
2584	30	52	44	40
2585	30	52	40	42
2586	31	53	33	51
2587	31	53	51	35
2588	31	53	35	49
2589	31	53	49	37
2590	31	53	37	47
2591	31	53	47	39
2592	31	53	39	45
2593	31	53	45	41
2594	31	53	41	43
2595	32	54	34	52
2596	32	54	52	36
2597	32	54	36	50
2598	32	54	50	38
2599	32	54	38	48
2600	32	54	48	40
2601	32	54	40	46
2602	32	54	46	42
2603	32	54	42	44
2604	33	55	35	53
2605	33	55	53	37
2606	33	55	37	51
2607	33	55	51	39
2608	33	55	39	49
2609	33	55	49	41
2610	33	55	41	47
2611	33	55	47	43
2612	33	55	43	45
2613	34	56	36	54
2614	34	56	54	38
2615	34	56	38	52
2616	34	56	52	40
2617	34	56	40	50
2618	34	56	50	42
2619	34	56	42	48
2620	34	56	48	44
2621	34	56	44	46
2622	35	57	37	55
2623	35	57	55	39
2624	35	57	39	53
2625	35	57	53	41
2626	35	57	41	51
2627	35	57	51	43
2628	35	57	43	49
2629	35	57	49	45
2630	35	57	45	47
2631	36	58	38	56
2632	36	58	56	40
2633	36	58	40	54
2634	36	58	54	42
2635	36	58	42	52
2636	36	58	52	44
2637	36	58	44	50
2638	36	58	50	46
2639	36	58	46	48
2640	37	59	39	57
2641	37	59	57	41
2642	37	59	41	55
2643	37	59	55	43
2644	37	59	43	53
2645	37	59	53	45
2646	37	59	45	51
2647	37	59	51	47
2648	37	59	47	49
2649	38	60	40	58
2650	38	60	58	42
2651	38	60	42	56
2652	38	60	56	44
2653	38	60	44	54
2654	38	60	54	46
2655	38	60	46	52
2656	38	60	52	48
2657	38	60	48	50
2658	39	61	41	59
2659	39	61	59	43
2660	39	61	43	57
2661	39	61	57	45
2662	39	61	45	55
2663	39	61	55	47
2664	39	61	47	53
2665	39	61	53	49
2666	39	61	49	51
2667	40	62	42	60
2668	40	62	60	44
2669	40	62	44	58
2670	40	62	58	46
2671	40	62	46	56
2672	40	62	56	48
2673	40	62	48	54
2674	40	62	54	50
2675	40	62	50	52
2676	41	63	43	61
2677	41	63	61	45
2678	41	63	45	59
2679	41	63	59	47
2680	41	63	47	57
2681	41	63	57	49
2682	41	63	49	55
2683	41	63	55	51
2684	41	63	51	53
2685	42	64	44	62
2686	42	64	62	46
2687	42	64	46	60
2688	42	64	60	48
2689	42	64	48	58
2690	42	64	58	50
2691	42	64	50	56
2692	42	64	56	52
2693	42	64	52	54
2694	43	65	45	63
2695	43	65	63	47
2696	43	65	47	61
2697	43	65	61	49
2698	43	65	49	59
2699	43	65	59	51
2700	43	65	51	57
2701	43	65	57	53
2702	43	65	53	55
2703	44	66	46	64
2704	44	66	64	48
2705	44	66	48	62
2706	44	66	62	50
2707	44	66	50	60
2708	44	66	60	52
2709	44	66	52	58
2710	44	66	58	54
2711	44	66	54	56
2712	45	67	47	65
2713	45	67	65	49
2714	45	67	49	63
2715	45	67	63	51
2716	45	67	51	61
2717	45	67	61	53
2718	45	67	53	59
2719	45	67	59	55
2720	45	67	55	57
2721	46	68	48	66
2722	46	68	66	50
2723	46	68	50	64
2724	46	68	64	52
2725	46	68	52	62
2726	46	68	62	54
2727	46	68	54	60
2728	46	68	60	56
2729	46	68	56	58
2730	47	69	49	67
2731	47	69	67	51
2732	47	69	51	65
2733	47	69	65	53
2734	47	69	53	63
2735	47	69	63	55
2736	47	69	55	61
2737	47	69	61	57
2738	47	69	57	59
2739	48	70	50	68
2740	48	70	68	52
2741	48	70	52	66
2742	48	70	66	54
2743	48	70	54	64
2744	48	70	64	56
2745	48	70	56	62
2746	48	70	62	58
2747	48	70	58	60
2748	49	71	51	69
2749	49	71	69	53
2750	49	71	53	67
2751	49	71	67	55
2752	49	71	55	65
2753	49	71	65	57
2754	49	71	57	63
2755	49	71	63	59
2756	49	71	59	61
2757	50	72	52	70
2758	50	72	70	54
2759	50	72	54	68
2760	50	72	68	56
2761	50	72	56	66
2762	50	72	66	58
2763	50	72	58	64
2764	50	72	64	60
2765	50	72	60	62
2766	1	27	3	25
2767	1	27	25	5
2768	1	27	5	23
2769	1	27	23	7
2770	1	27	7	21
2771	1	27	21	9
2772	1	27	9	19
2773	1	27	19	11
2774	1	27	11	17
2775	2	28	4	26
2776	2	28	26	6
2777	2	28	6	24
2778	2	28	24	8
2779	2	28	8	22
2780	2	28	22	10
2781	2	28	10	20
2782	2	28	20	12
2783	2	28	12	18
2784	3	29	5	27
2785	3	29	27	7
2786	3	29	7	25
2787	3	29	25	9
2788	3	29	9	23
2789	3	29	23	11
2790	3	29	11	21
2791	3	29	21	13
2792	3	29	13	19
2793	4	30	6	28
2794	4	30	28	8
2795	4	30	8	26
2796	4	30	26	10
2797	4	30	10	24
2798	4	30	24	12
2799	4	30	12	22
2800	4	30	22	14
2801	4	30	14	20
2802	5	31	7	29
2803	5	31	29	9
2804	5	31	9	27
2805	5	31	27	11
2806	5	31	11	25
2807	5	31	25	13
2808	5	31	13	23
2809	5	31	23	15
2810	5	31	15	21
2811	6	32	8	30
2812	6	32	30	10
2813	6	32	10	28
2814	6	32	28	12
2815	6	32	12	26
2816	6	32	26	14
2817	6	32	14	24
2818	6	32	24	16
2819	6	32	16	22
2820	7	33	9	31
2821	7	33	31	11
2822	7	33	11	29
2823	7	33	29	13
2824	7	33	13	27
2825	7	33	27	15
2826	7	33	15	25
2827	7	33	25	17
2828	7	33	17	23
2829	8	34	10	32
2830	8	34	32	12
2831	8	34	12	30
2832	8	34	30	14
2833	8	34	14	28
2834	8	34	28	16
2835	8	34	16	26
2836	8	34	26	18
2837	8	34	18	24
2838	9	35	11	33
2839	9	35	33	13
2840	9	35	13	31
2841	9	35	31	15
2842	9	35	15	29
2843	9	35	29	17
2844	9	35	17	27
2845	9	35	27	19
2846	9	35	19	25
2847	10	36	12	34
2848	10	36	34	14
2849	10	36	14	32
2850	10	36	32	16
2851	10	36	16	30
2852	10	36	30	18
2853	10	36	18	28
2854	10	36	28	20
2855	10	36	20	26
2856	11	37	13	35
2857	11	37	35	15
2858	11	37	15	33
2859	11	37	33	17
2860	11	37	17	31
2861	11	37	31	19
2862	11	37	19	29
2863	11	37	29	21
2864	11	37	21	27
2865	12	38	14	36
2866	12	38	36	16
2867	12	38	16	34
2868	12	38	34	18
2869	12	38	18	32
2870	12	38	32	20
2871	12	38	20	30
2872	12	38	30	22
2873	12	38	22	28
2874	13	39	15	37
2875	13	39	37	17
2876	13	39	17	35
2877	13	39	35	19
2878	13	39	19	33
2879	13	39	33	21
2880	13	39	21	31
2881	13	39	31	23
2882	13	39	23	29
2883	14	40	16	38
2884	14	40	38	18
2885	14	40	18	36
2886	14	40	36	20
2887	14	40	20	34
2888	14	40	34	22
2889	14	40	22	32
2890	14	40	32	24
2891	14	40	24	30
2892	15	41	17	39
2893	15	41	39	19
2894	15	41	19	37
2895	15	41	37	21
2896	15	41	21	35
2897	15	41	35	23
2898	15	41	23	33
2899	15	41	33	25
2900	15	41	25	31
2901	16	42	18	40
2902	16	42	40	20
2903	16	42	20	38
2904	16	42	38	22
2905	16	42	22	36
2906	16	42	36	24
2907	16	42	24	34
2908	16	42	34	26
2909	16	42	26	32
2910	17	43	19	41
2911	17	43	41	21
2912	17	43	21	39
2913	17	43	39	23
2914	17	43	23	37
2915	17	43	37	25
2916	17	43	25	35
2917	17	43	35	27
2918	17	43	27	33
2919	18	44	20	42
2920	18	44	42	22
2921	18	44	22	40
2922	18	44	40	24
2923	18	44	24	38
2924	18	44	38	26
2925	18	44	26	36
2926	18	44	36	28
2927	18	44	28	34
2928	19	45	21	43
2929	19	45	43	23
2930	19	45	23	41
2931	19	45	41	25
2932	19	45	25	39
2933	19	45	39	27
2934	19	45	27	37
2935	19	45	37	29
2936	19	45	29	35
2937	20	46	22	44
2938	20	46	44	24
2939	20	46	24	42
2940	20	46	42	26
2941	20	46	26	40
2942	20	46	40	28
2943	20	46	28	38
2944	20	46	38	30
2945	20	46	30	36
2946	21	47	23	45
2947	21	47	45	25
2948	21	47	25	43
2949	21	47	43	27
2950	21	47	27	41
2951	21	47	41	29
2952	21	47	29	39
2953	21	47	39	31
2954	21	47	31	37
2955	22	48	24	46
2956	22	48	46	26
2957	22	48	26	44
2958	22	48	44	28
2959	22	48	28	42
2960	22	48	42	30
2961	22	48	30	40
2962	22	48	40	32
2963	22	48	32	38
2964	23	49	25	47
2965	23	49	47	27
2966	23	49	27	45
2967	23	49	45	29
2968	23	49	29	43
2969	23	49	43	31
2970	23	49	31	41
2971	23	49	41	33
2972	23	49	33	39
2973	24	50	26	48
2974	24	50	48	28
2975	24	50	28	46
2976	24	50	46	30
2977	24	50	30	44
2978	24	50	44	32
2979	24	50	32	42
2980	24	50	42	34
2981	24	50	34	40
2982	25	51	27	49
2983	25	51	49	29
2984	25	51	29	47
2985	25	51	47	31
2986	25	51	31	45
2987	25	51	45	33
2988	25	51	33	43
2989	25	51	43	35
2990	25	51	35	41
2991	26	52	28	50
2992	26	52	50	30
2993	26	52	30	48
2994	26	52	48	32
2995	26	52	32	46
2996	26	52	46	34
2997	26	52	34	44
2998	26	52	44	36
2999	26	52	36	42
3000	27	53	29	51
3001	27	53	51	31
3002	27	53	31	49
3003	27	53	49	33
3004	27	53	33	47
3005	27	53	47	35
3006	27	53	35	45
3007	27	53	45	37
3008	27	53	37	43
3009	28	54	30	52
3010	28	54	52	32
3011	28	54	32	50
3012	28	54	50	34
3013	28	54	34	48
3014	28	54	48	36
3015	28	54	36	46
3016	28	54	46	38
3017	28	54	38	44
3018	29	55	31	53
3019	29	55	53	33
3020	29	55	33	51
3021	29	55	51	35
3022	29	55	35	49
3023	29	55	49	37
3024	29	55	37	47
3025	29	55	47	39
3026	29	55	39	45
3027	30	56	32	54
3028	30	56	54	34
3029	30	56	34	52
3030	30	56	52	36
3031	30	56	36	50
3032	30	56	50	38
3033	30	56	38	48
3034	30	56	48	40
3035	30	56	40	46
3036	31	57	33	55
3037	31	57	55	35
3038	31	57	35	53
3039	31	57	53	37
3040	31	57	37	51
3041	31	57	51	39
3042	31	57	39	49
3043	31	57	49	41
3044	31	57	41	47
3045	32	58	34	56
3046	32	58	56	36
3047	32	58	36	54
3048	32	58	54	38
3049	32	58	38	52
3050	32	58	52	40
3051	32	58	40	50
3052	32	58	50	42
3053	32	58	42	48
3054	33	59	35	57
3055	33	59	57	37
3056	33	59	37	55
3057	33	59	55	39
3058	33	59	39	53
3059	33	59	53	41
3060	33	59	41	51
3061	33	59	51	43
3062	33	59	43	49
3063	34	60	36	58
3064	34	60	58	38
3065	34	60	38	56
3066	34	60	56	40
3067	34	60	40	54
3068	34	60	54	42
3069	34	60	42	52
3070	34	60	52	44
3071	34	60	44	50
3072	35	61	37	59
3073	35	61	59	39
3074	35	61	39	57
3075	35	61	57	41
3076	35	61	41	55
3077	35	61	55	43
3078	35	61	43	53
3079	35	61	53	45
3080	35	61	45	51
3081	36	62	38	60
3082	36	62	60	40
3083	36	62	40	58
3084	36	62	58	42
3085	36	62	42	56
3086	36	62	56	44
3087	36	62	44	54
3088	36	62	54	46
3089	36	62	46	52
3090	37	63	39	61
3091	37	63	61	41
3092	37	63	41	59
3093	37	63	59	43
3094	37	63	43	57
3095	37	63	57	45
3096	37	63	45	55
3097	37	63	55	47
3098	37	63	47	53
3099	38	64	40	62
3100	38	64	62	42
3101	38	64	42	60
3102	38	64	60	44
3103	38	64	44	58
3104	38	64	58	46
3105	38	64	46	56
3106	38	64	56	48
3107	38	64	48	54
3108	39	65	41	63
3109	39	65	63	43
3110	39	65	43	61
3111	39	65	61	45
3112	39	65	45	59
3113	39	65	59	47
3114	39	65	47	57
3115	39	65	57	49
3116	39	65	49	55
3117	40	66	42	64
3118	40	66	64	44
3119	40	66	44	62
3120	40	66	62	46
3121	40	66	46	60
3122	40	66	60	48
3123	40	66	48	58
3124	40	66	58	50
3125	40	66	50	56
3126	41	67	43	65
3127	41	67	65	45
3128	41	67	45	63
3129	41	67	63	47
3130	41	67	47	61
3131	41	67	61	49
3132	41	67	49	59
3133	41	67	59	51
3134	41	67	51	57
3135	42	68	44	66
3136	42	68	66	46
3137	42	68	46	64
3138	42	68	64	48
3139	42	68	48	62
3140	42	68	62	50
3141	42	68	50	60
3142	42	68	60	52
3143	42	68	52	58
3144	43	69	45	67
3145	43	69	67	47
3146	43	69	47	65
3147	43	69	65	49
3148	43	69	49	63
3149	43	69	63	51
3150	43	69	51	61
3151	43	69	61	53
3152	43	69	53	59
3153	44	70	46	68
3154	44	70	68	48
3155	44	70	48	66
3156	44	70	66	50
3157	44	70	50	64
3158	44	70	64	52
3159	44	70	52	62
3160	44	70	62	54
3161	44	70	54	60
3162	45	71	47	69
3163	45	71	69	49
3164	45	71	49	67
3165	45	71	67	51
3166	45	71	51	65
3167	45	71	65	53
3168	45	71	53	63
3169	45	71	63	55
3170	45	71	55	61
3171	46	72	48	70
3172	46	72	70	50
3173	46	72	50	68
3174	46	72	68	52
3175	46	72	52	66
3176	46	72	66	54
3177	46	72	54	64
3178	46	72	64	56
3179	46	72	56	62
3180	1	31	3	29
3181	1	31	29	5
3182	1	31	5	27
3183	1	31	27	7
3184	1	31	7	25
3185	1	31	25	9
3186	1	31	9	23
3187	1	31	23	11
3188	1	31	11	21
3189	2	32	4	30
3190	2	32	30	6
3191	2	32	6	28
3192	2	32	28	8
3193	2	32	8	26
3194	2	32	26	10
3195	2	32	10	24
3196	2	32	24	12
3197	2	32	12	22
3198	3	33	5	31
3199	3	33	31	7
3200	3	33	7	29
3201	3	33	29	9
3202	3	33	9	27
3203	3	33	27	11
3204	3	33	11	25
3205	3	33	25	13
3206	3	33	13	23
3207	4	34	6	32
3208	4	34	32	8
3209	4	34	8	30
3210	4	34	30	10
3211	4	34	10	28
3212	4	34	28	12
3213	4	34	12	26
3214	4	34	26	14
3215	4	34	14	24
3216	5	35	7	33
3217	5	35	33	9
3218	5	35	9	31
3219	5	35	31	11
3220	5	35	11	29
3221	5	35	29	13
3222	5	35	13	27
3223	5	35	27	15
3224	5	35	15	25
3225	6	36	8	34
3226	6	36	34	10
3227	6	36	10	32
3228	6	36	32	12
3229	6	36	12	30
3230	6	36	30	14
3231	6	36	14	28
3232	6	36	28	16
3233	6	36	16	26
3234	7	37	9	35
3235	7	37	35	11
3236	7	37	11	33
3237	7	37	33	13
3238	7	37	13	31
3239	7	37	31	15
3240	7	37	15	29
3241	7	37	29	17
3242	7	37	17	27
3243	8	38	10	36
3244	8	38	36	12
3245	8	38	12	34
3246	8	38	34	14
3247	8	38	14	32
3248	8	38	32	16
3249	8	38	16	30
3250	8	38	30	18
3251	8	38	18	28
3252	9	39	11	37
3253	9	39	37	13
3254	9	39	13	35
3255	9	39	35	15
3256	9	39	15	33
3257	9	39	33	17
3258	9	39	17	31
3259	9	39	31	19
3260	9	39	19	29
3261	10	40	12	38
3262	10	40	38	14
3263	10	40	14	36
3264	10	40	36	16
3265	10	40	16	34
3266	10	40	34	18
3267	10	40	18	32
3268	10	40	32	20
3269	10	40	20	30
3270	11	41	13	39
3271	11	41	39	15
3272	11	41	15	37
3273	11	41	37	17
3274	11	41	17	35
3275	11	41	35	19
3276	11	41	19	33
3277	11	41	33	21
3278	11	41	21	31
3279	12	42	14	40
3280	12	42	40	16
3281	12	42	16	38
3282	12	42	38	18
3283	12	42	18	36
3284	12	42	36	20
3285	12	42	20	34
3286	12	42	34	22
3287	12	42	22	32
3288	13	43	15	41
3289	13	43	41	17
3290	13	43	17	39
3291	13	43	39	19
3292	13	43	19	37
3293	13	43	37	21
3294	13	43	21	35
3295	13	43	35	23
3296	13	43	23	33
3297	14	44	16	42
3298	14	44	42	18
3299	14	44	18	40
3300	14	44	40	20
3301	14	44	20	38
3302	14	44	38	22
3303	14	44	22	36
3304	14	44	36	24
3305	14	44	24	34
3306	15	45	17	43
3307	15	45	43	19
3308	15	45	19	41
3309	15	45	41	21
3310	15	45	21	39
3311	15	45	39	23
3312	15	45	23	37
3313	15	45	37	25
3314	15	45	25	35
3315	16	46	18	44
3316	16	46	44	20
3317	16	46	20	42
3318	16	46	42	22
3319	16	46	22	40
3320	16	46	40	24
3321	16	46	24	38
3322	16	46	38	26
3323	16	46	26	36
3324	17	47	19	45
3325	17	47	45	21
3326	17	47	21	43
3327	17	47	43	23
3328	17	47	23	41
3329	17	47	41	25
3330	17	47	25	39
3331	17	47	39	27
3332	17	47	27	37
3333	18	48	20	46
3334	18	48	46	22
3335	18	48	22	44
3336	18	48	44	24
3337	18	48	24	42
3338	18	48	42	26
3339	18	48	26	40
3340	18	48	40	28
3341	18	48	28	38
3342	19	49	21	47
3343	19	49	47	23
3344	19	49	23	45
3345	19	49	45	25
3346	19	49	25	43
3347	19	49	43	27
3348	19	49	27	41
3349	19	49	41	29
3350	19	49	29	39
3351	20	50	22	48
3352	20	50	48	24
3353	20	50	24	46
3354	20	50	46	26
3355	20	50	26	44
3356	20	50	44	28
3357	20	50	28	42
3358	20	50	42	30
3359	20	50	30	40
3360	21	51	23	49
3361	21	51	49	25
3362	21	51	25	47
3363	21	51	47	27
3364	21	51	27	45
3365	21	51	45	29
3366	21	51	29	43
3367	21	51	43	31
3368	21	51	31	41
3369	22	52	24	50
3370	22	52	50	26
3371	22	52	26	48
3372	22	52	48	28
3373	22	52	28	46
3374	22	52	46	30
3375	22	52	30	44
3376	22	52	44	32
3377	22	52	32	42
3378	23	53	25	51
3379	23	53	51	27
3380	23	53	27	49
3381	23	53	49	29
3382	23	53	29	47
3383	23	53	47	31
3384	23	53	31	45
3385	23	53	45	33
3386	23	53	33	43
3387	24	54	26	52
3388	24	54	52	28
3389	24	54	28	50
3390	24	54	50	30
3391	24	54	30	48
3392	24	54	48	32
3393	24	54	32	46
3394	24	54	46	34
3395	24	54	34	44
3396	25	55	27	53
3397	25	55	53	29
3398	25	55	29	51
3399	25	55	51	31
3400	25	55	31	49
3401	25	55	49	33
3402	25	55	33	47
3403	25	55	47	35
3404	25	55	35	45
3405	26	56	28	54
3406	26	56	54	30
3407	26	56	30	52
3408	26	56	52	32
3409	26	56	32	50
3410	26	56	50	34
3411	26	56	34	48
3412	26	56	48	36
3413	26	56	36	46
3414	27	57	29	55
3415	27	57	55	31
3416	27	57	31	53
3417	27	57	53	33
3418	27	57	33	51
3419	27	57	51	35
3420	27	57	35	49
3421	27	57	49	37
3422	27	57	37	47
3423	28	58	30	56
3424	28	58	56	32
3425	28	58	32	54
3426	28	58	54	34
3427	28	58	34	52
3428	28	58	52	36
3429	28	58	36	50
3430	28	58	50	38
3431	28	58	38	48
3432	29	59	31	57
3433	29	59	57	33
3434	29	59	33	55
3435	29	59	55	35
3436	29	59	35	53
3437	29	59	53	37
3438	29	59	37	51
3439	29	59	51	39
3440	29	59	39	49
3441	30	60	32	58
3442	30	60	58	34
3443	30	60	34	56
3444	30	60	56	36
3445	30	60	36	54
3446	30	60	54	38
3447	30	60	38	52
3448	30	60	52	40
3449	30	60	40	50
3450	31	61	33	59
3451	31	61	59	35
3452	31	61	35	57
3453	31	61	57	37
3454	31	61	37	55
3455	31	61	55	39
3456	31	61	39	53
3457	31	61	53	41
3458	31	61	41	51
3459	32	62	34	60
3460	32	62	60	36
3461	32	62	36	58
3462	32	62	58	38
3463	32	62	38	56
3464	32	62	56	40
3465	32	62	40	54
3466	32	62	54	42
3467	32	62	42	52
3468	33	63	35	61
3469	33	63	61	37
3470	33	63	37	59
3471	33	63	59	39
3472	33	63	39	57
3473	33	63	57	41
3474	33	63	41	55
3475	33	63	55	43
3476	33	63	43	53
3477	34	64	36	62
3478	34	64	62	38
3479	34	64	38	60
3480	34	64	60	40
3481	34	64	40	58
3482	34	64	58	42
3483	34	64	42	56
3484	34	64	56	44
3485	34	64	44	54
3486	35	65	37	63
3487	35	65	63	39
3488	35	65	39	61
3489	35	65	61	41
3490	35	65	41	59
3491	35	65	59	43
3492	35	65	43	57
3493	35	65	57	45
3494	35	65	45	55
3495	36	66	38	64
3496	36	66	64	40
3497	36	66	40	62
3498	36	66	62	42
3499	36	66	42	60
3500	36	66	60	44
3501	36	66	44	58
3502	36	66	58	46
3503	36	66	46	56
3504	37	67	39	65
3505	37	67	65	41
3506	37	67	41	63
3507	37	67	63	43
3508	37	67	43	61
3509	37	67	61	45
3510	37	67	45	59
3511	37	67	59	47
3512	37	67	47	57
3513	38	68	40	66
3514	38	68	66	42
3515	38	68	42	64
3516	38	68	64	44
3517	38	68	44	62
3518	38	68	62	46
3519	38	68	46	60
3520	38	68	60	48
3521	38	68	48	58
3522	39	69	41	67
3523	39	69	67	43
3524	39	69	43	65
3525	39	69	65	45
3526	39	69	45	63
3527	39	69	63	47
3528	39	69	47	61
3529	39	69	61	49
3530	39	69	49	59
3531	40	70	42	68
3532	40	70	68	44
3533	40	70	44	66
3534	40	70	66	46
3535	40	70	46	64
3536	40	70	64	48
3537	40	70	48	62
3538	40	70	62	50
3539	40	70	50	60
3540	41	71	43	69
3541	41	71	69	45
3542	41	71	45	67
3543	41	71	67	47
3544	41	71	47	65
3545	41	71	65	49
3546	41	71	49	63
3547	41	71	63	51
3548	41	71	51	61
3549	42	72	44	70
3550	42	72	70	46
3551	42	72	46	68
3552	42	72	68	48
3553	42	72	48	66
3554	42	72	66	50
3555	42	72	50	64
3556	42	72	64	52
3557	42	72	52	62
3558	1	34	3	32
3559	1	34	32	5
3560	1	34	5	30
3561	1	34	30	7
3562	1	34	7	28
3563	1	34	28	9
3564	1	34	9	26
3565	1	34	26	11
3566	1	34	11	24
3567	2	35	4	33
3568	2	35	33	6
3569	2	35	6	31
3570	2	35	31	8
3571	2	35	8	29
3572	2	35	29	10
3573	2	35	10	27
3574	2	35	27	12
3575	2	35	12	25
3576	3	36	5	34
3577	3	36	34	7
3578	3	36	7	32
3579	3	36	32	9
3580	3	36	9	30
3581	3	36	30	11
3582	3	36	11	28
3583	3	36	28	13
3584	3	36	13	26
3585	4	37	6	35
3586	4	37	35	8
3587	4	37	8	33
3588	4	37	33	10
3589	4	37	10	31
3590	4	37	31	12
3591	4	37	12	29
3592	4	37	29	14
3593	4	37	14	27
3594	5	38	7	36
3595	5	38	36	9
3596	5	38	9	34
3597	5	38	34	11
3598	5	38	11	32
3599	5	38	32	13
3600	5	38	13	30
3601	5	38	30	15
3602	5	38	15	28
3603	6	39	8	37
3604	6	39	37	10
3605	6	39	10	35
3606	6	39	35	12
3607	6	39	12	33
3608	6	39	33	14
3609	6	39	14	31
3610	6	39	31	16
3611	6	39	16	29
3612	7	40	9	38
3613	7	40	38	11
3614	7	40	11	36
3615	7	40	36	13
3616	7	40	13	34
3617	7	40	34	15
3618	7	40	15	32
3619	7	40	32	17
3620	7	40	17	30
3621	8	41	10	39
3622	8	41	39	12
3623	8	41	12	37
3624	8	41	37	14
3625	8	41	14	35
3626	8	41	35	16
3627	8	41	16	33
3628	8	41	33	18
3629	8	41	18	31
3630	9	42	11	40
3631	9	42	40	13
3632	9	42	13	38
3633	9	42	38	15
3634	9	42	15	36
3635	9	42	36	17
3636	9	42	17	34
3637	9	42	34	19
3638	9	42	19	32
3639	10	43	12	41
3640	10	43	41	14
3641	10	43	14	39
3642	10	43	39	16
3643	10	43	16	37
3644	10	43	37	18
3645	10	43	18	35
3646	10	43	35	20
3647	10	43	20	33
3648	11	44	13	42
3649	11	44	42	15
3650	11	44	15	40
3651	11	44	40	17
3652	11	44	17	38
3653	11	44	38	19
3654	11	44	19	36
3655	11	44	36	21
3656	11	44	21	34
3657	12	45	14	43
3658	12	45	43	16
3659	12	45	16	41
3660	12	45	41	18
3661	12	45	18	39
3662	12	45	39	20
3663	12	45	20	37
3664	12	45	37	22
3665	12	45	22	35
3666	13	46	15	44
3667	13	46	44	17
3668	13	46	17	42
3669	13	46	42	19
3670	13	46	19	40
3671	13	46	40	21
3672	13	46	21	38
3673	13	46	38	23
3674	13	46	23	36
3675	14	47	16	45
3676	14	47	45	18
3677	14	47	18	43
3678	14	47	43	20
3679	14	47	20	41
3680	14	47	41	22
3681	14	47	22	39
3682	14	47	39	24
3683	14	47	24	37
3684	15	48	17	46
3685	15	48	46	19
3686	15	48	19	44
3687	15	48	44	21
3688	15	48	21	42
3689	15	48	42	23
3690	15	48	23	40
3691	15	48	40	25
3692	15	48	25	38
3693	16	49	18	47
3694	16	49	47	20
3695	16	49	20	45
3696	16	49	45	22
3697	16	49	22	43
3698	16	49	43	24
3699	16	49	24	41
3700	16	49	41	26
3701	16	49	26	39
3702	17	50	19	48
3703	17	50	48	21
3704	17	50	21	46
3705	17	50	46	23
3706	17	50	23	44
3707	17	50	44	25
3708	17	50	25	42
3709	17	50	42	27
3710	17	50	27	40
3711	18	51	20	49
3712	18	51	49	22
3713	18	51	22	47
3714	18	51	47	24
3715	18	51	24	45
3716	18	51	45	26
3717	18	51	26	43
3718	18	51	43	28
3719	18	51	28	41
3720	19	52	21	50
3721	19	52	50	23
3722	19	52	23	48
3723	19	52	48	25
3724	19	52	25	46
3725	19	52	46	27
3726	19	52	27	44
3727	19	52	44	29
3728	19	52	29	42
3729	20	53	22	51
3730	20	53	51	24
3731	20	53	24	49
3732	20	53	49	26
3733	20	53	26	47
3734	20	53	47	28
3735	20	53	28	45
3736	20	53	45	30
3737	20	53	30	43
3738	21	54	23	52
3739	21	54	52	25
3740	21	54	25	50
3741	21	54	50	27
3742	21	54	27	48
3743	21	54	48	29
3744	21	54	29	46
3745	21	54	46	31
3746	21	54	31	44
3747	22	55	24	53
3748	22	55	53	26
3749	22	55	26	51
3750	22	55	51	28
3751	22	55	28	49
3752	22	55	49	30
3753	22	55	30	47
3754	22	55	47	32
3755	22	55	32	45
3756	23	56	25	54
3757	23	56	54	27
3758	23	56	27	52
3759	23	56	52	29
3760	23	56	29	50
3761	23	56	50	31
3762	23	56	31	48
3763	23	56	48	33
3764	23	56	33	46
3765	24	57	26	55
3766	24	57	55	28
3767	24	57	28	53
3768	24	57	53	30
3769	24	57	30	51
3770	24	57	51	32
3771	24	57	32	49
3772	24	57	49	34
3773	24	57	34	47
3774	25	58	27	56
3775	25	58	56	29
3776	25	58	29	54
3777	25	58	54	31
3778	25	58	31	52
3779	25	58	52	33
3780	25	58	33	50
3781	25	58	50	35
3782	25	58	35	48
3783	26	59	28	57
3784	26	59	57	30
3785	26	59	30	55
3786	26	59	55	32
3787	26	59	32	53
3788	26	59	53	34
3789	26	59	34	51
3790	26	59	51	36
3791	26	59	36	49
3792	27	60	29	58
3793	27	60	58	31
3794	27	60	31	56
3795	27	60	56	33
3796	27	60	33	54
3797	27	60	54	35
3798	27	60	35	52
3799	27	60	52	37
3800	27	60	37	50
3801	28	61	30	59
3802	28	61	59	32
3803	28	61	32	57
3804	28	61	57	34
3805	28	61	34	55
3806	28	61	55	36
3807	28	61	36	53
3808	28	61	53	38
3809	28	61	38	51
3810	29	62	31	60
3811	29	62	60	33
3812	29	62	33	58
3813	29	62	58	35
3814	29	62	35	56
3815	29	62	56	37
3816	29	62	37	54
3817	29	62	54	39
3818	29	62	39	52
3819	30	63	32	61
3820	30	63	61	34
3821	30	63	34	59
3822	30	63	59	36
3823	30	63	36	57
3824	30	63	57	38
3825	30	63	38	55
3826	30	63	55	40
3827	30	63	40	53
3828	31	64	33	62
3829	31	64	62	35
3830	31	64	35	60
3831	31	64	60	37
3832	31	64	37	58
3833	31	64	58	39
3834	31	64	39	56
3835	31	64	56	41
3836	31	64	41	54
3837	32	65	34	63
3838	32	65	63	36
3839	32	65	36	61
3840	32	65	61	38
3841	32	65	38	59
3842	32	65	59	40
3843	32	65	40	57
3844	32	65	57	42
3845	32	65	42	55
3846	33	66	35	64
3847	33	66	64	37
3848	33	66	37	62
3849	33	66	62	39
3850	33	66	39	60
3851	33	66	60	41
3852	33	66	41	58
3853	33	66	58	43
3854	33	66	43	56
3855	34	67	36	65
3856	34	67	65	38
3857	34	67	38	63
3858	34	67	63	40
3859	34	67	40	61
3860	34	67	61	42
3861	34	67	42	59
3862	34	67	59	44
3863	34	67	44	57
3864	35	68	37	66
3865	35	68	66	39
3866	35	68	39	64
3867	35	68	64	41
3868	35	68	41	62
3869	35	68	62	43
3870	35	68	43	60
3871	35	68	60	45
3872	35	68	45	58
3873	36	69	38	67
3874	36	69	67	40
3875	36	69	40	65
3876	36	69	65	42
3877	36	69	42	63
3878	36	69	63	44
3879	36	69	44	61
3880	36	69	61	46
3881	36	69	46	59
3882	37	70	39	68
3883	37	70	68	41
3884	37	70	41	66
3885	37	70	66	43
3886	37	70	43	64
3887	37	70	64	45
3888	37	70	45	62
3889	37	70	62	47
3890	37	70	47	60
3891	38	71	40	69
3892	38	71	69	42
3893	38	71	42	67
3894	38	71	67	44
3895	38	71	44	65
3896	38	71	65	46
3897	38	71	46	63
3898	38	71	63	48
3899	38	71	48	61
3900	39	72	41	70
3901	39	72	70	43
3902	39	72	43	68
3903	39	72	68	45
3904	39	72	45	66
3905	39	72	66	47
3906	39	72	47	64
3907	39	72	64	49
3908	39	72	49	62
3909	1	38	3	36
3910	1	38	36	5
3911	1	38	5	34
3912	1	38	34	7
3913	1	38	7	32
3914	1	38	32	9
3915	1	38	9	30
3916	1	38	30	11
3917	1	38	11	28
3918	3	40	5	38
3919	3	40	38	7
3920	3	40	7	36
3921	3	40	36	9
3922	3	40	9	34
3923	3	40	34	11
3924	3	40	11	32
3925	3	40	32	13
3926	3	40	13	30
3927	5	42	7	40
3928	5	42	40	9
3929	5	42	9	38
3930	5	42	38	11
3931	5	42	11	36
3932	5	42	36	13
3933	5	42	13	34
3934	5	42	34	15
3935	5	42	15	32
3936	7	44	9	42
3937	7	44	42	11
3938	7	44	11	40
3939	7	44	40	13
3940	7	44	13	38
3941	7	44	38	15
3942	7	44	15	36
3943	7	44	36	17
3944	7	44	17	34
3945	9	46	11	44
3946	9	46	44	13
3947	9	46	13	42
3948	9	46	42	15
3949	9	46	15	40
3950	9	46	40	17
3951	9	46	17	38
3952	9	46	38	19
3953	9	46	19	36
3954	11	48	13	46
3955	11	48	46	15
3956	11	48	15	44
3957	11	48	44	17
3958	11	48	17	42
3959	11	48	42	19
3960	11	48	19	40
3961	11	48	40	21
3962	11	48	21	38
3963	13	50	15	48
3964	13	50	48	17
3965	13	50	17	46
3966	13	50	46	19
3967	13	50	19	44
3968	13	50	44	21
3969	13	50	21	42
3970	13	50	42	23
3971	13	50	23	40
3972	15	52	17	50
3973	15	52	50	19
3974	15	52	19	48
3975	15	52	48	21
3976	15	52	21	46
3977	15	52	46	23
3978	15	52	23	44
3979	15	52	44	25
3980	15	52	25	42
3981	17	54	19	52
3982	17	54	52	21
3983	17	54	21	50
3984	17	54	50	23
3985	17	54	23	48
3986	17	54	48	25
3987	17	54	25	46
3988	17	54	46	27
3989	17	54	27	44
3990	19	56	21	54
3991	19	56	54	23
3992	19	56	23	52
3993	19	56	52	25
3994	19	56	25	50
3995	19	56	50	27
3996	19	56	27	48
3997	19	56	48	29
3998	19	56	29	46
3999	21	58	23	56
4000	21	58	56	25
4001	21	58	25	54
4002	21	58	54	27
4003	21	58	27	52
4004	21	58	52	29
4005	21	58	29	50
4006	21	58	50	31
4007	21	58	31	48
4008	23	60	25	58
4009	23	60	58	27
4010	23	60	27	56
4011	23	60	56	29
4012	23	60	29	54
4013	23	60	54	31
4014	23	60	31	52
4015	23	60	52	33
4016	23	60	33	50
4017	25	62	27	60
4018	25	62	60	29
4019	25	62	29	58
4020	25	62	58	31
4021	25	62	31	56
4022	25	62	56	33
4023	25	62	33	54
4024	25	62	54	35
4025	25	62	35	52
4026	27	64	29	62
4027	27	64	62	31
4028	27	64	31	60
4029	27	64	60	33
4030	27	64	33	58
4031	27	64	58	35
4032	27	64	35	56
4033	27	64	56	37
4034	27	64	37	54
4035	29	66	31	64
4036	29	66	64	33
4037	29	66	33	62
4038	29	66	62	35
4039	29	66	35	60
4040	29	66	60	37
4041	29	66	37	58
4042	29	66	58	39
4043	29	66	39	56
4044	31	68	33	66
4045	31	68	66	35
4046	31	68	35	64
4047	31	68	64	37
4048	31	68	37	62
4049	31	68	62	39
4050	31	68	39	60
4051	31	68	60	41
4052	31	68	41	58
4053	33	70	35	68
4054	33	70	68	37
4055	33	70	37	66
4056	33	70	66	39
4057	33	70	39	64
4058	33	70	64	41
4059	33	70	41	62
4060	33	70	62	43
4061	33	70	43	60
4062	35	72	37	70
4063	35	72	70	39
4064	35	72	39	68
4065	35	72	68	41
4066	35	72	41	66
4067	35	72	66	43
4068	35	72	43	64
4069	35	72	64	45
4070	35	72	45	62
4071	1	42	4	39
4072	1	42	39	7
4073	1	42	7	36
4074	1	42	36	10
4075	1	42	10	33
4076	1	42	33	13
4077	1	42	13	30
4078	1	42	30	16
4079	1	42	16	27
4080	3	44	6	41
4081	3	44	41	9
4082	3	44	9	38
4083	3	44	38	12
4084	3	44	12	35
4085	3	44	35	15
4086	3	44	15	32
4087	3	44	32	18
4088	3	44	18	29
4089	5	46	8	43
4090	5	46	43	11
4091	5	46	11	40
4092	5	46	40	14
4093	5	46	14	37
4094	5	46	37	17
4095	5	46	17	34
4096	5	46	34	20
4097	5	46	20	31
4098	7	48	10	45
4099	7	48	45	13
4100	7	48	13	42
4101	7	48	42	16
4102	7	48	16	39
4103	7	48	39	19
4104	7	48	19	36
4105	7	48	36	22
4106	7	48	22	33
4107	9	50	12	47
4108	9	50	47	15
4109	9	50	15	44
4110	9	50	44	18
4111	9	50	18	41
4112	9	50	41	21
4113	9	50	21	38
4114	9	50	38	24
4115	9	50	24	35
4116	11	52	14	49
4117	11	52	49	17
4118	11	52	17	46
4119	11	52	46	20
4120	11	52	20	43
4121	11	52	43	23
4122	11	52	23	40
4123	11	52	40	26
4124	11	52	26	37
4125	13	54	16	51
4126	13	54	51	19
4127	13	54	19	48
4128	13	54	48	22
4129	13	54	22	45
4130	13	54	45	25
4131	13	54	25	42
4132	13	54	42	28
4133	13	54	28	39
4134	15	56	18	53
4135	15	56	53	21
4136	15	56	21	50
4137	15	56	50	24
4138	15	56	24	47
4139	15	56	47	27
4140	15	56	27	44
4141	15	56	44	30
4142	15	56	30	41
4143	17	58	20	55
4144	17	58	55	23
4145	17	58	23	52
4146	17	58	52	26
4147	17	58	26	49
4148	17	58	49	29
4149	17	58	29	46
4150	17	58	46	32
4151	17	58	32	43
4152	19	60	22	57
4153	19	60	57	25
4154	19	60	25	54
4155	19	60	54	28
4156	19	60	28	51
4157	19	60	51	31
4158	19	60	31	48
4159	19	60	48	34
4160	19	60	34	45
4161	21	62	24	59
4162	21	62	59	27
4163	21	62	27	56
4164	21	62	56	30
4165	21	62	30	53
4166	21	62	53	33
4167	21	62	33	50
4168	21	62	50	36
4169	21	62	36	47
4170	23	64	26	61
4171	23	64	61	29
4172	23	64	29	58
4173	23	64	58	32
4174	23	64	32	55
4175	23	64	55	35
4176	23	64	35	52
4177	23	64	52	38
4178	23	64	38	49
4179	25	66	28	63
4180	25	66	63	31
4181	25	66	31	60
4182	25	66	60	34
4183	25	66	34	57
4184	25	66	57	37
4185	25	66	37	54
4186	25	66	54	40
4187	25	66	40	51
4188	27	68	30	65
4189	27	68	65	33
4190	27	68	33	62
4191	27	68	62	36
4192	27	68	36	59
4193	27	68	59	39
4194	27	68	39	56
4195	27	68	56	42
4196	27	68	42	53
4197	29	70	32	67
4198	29	70	67	35
4199	29	70	35	64
4200	29	70	64	38
4201	29	70	38	61
4202	29	70	61	41
4203	29	70	41	58
4204	29	70	58	44
4205	29	70	44	55
4206	31	72	34	69
4207	31	72	69	37
4208	31	72	37	66
4209	31	72	66	40
4210	31	72	40	63
4211	31	72	63	43
4212	31	72	43	60
4213	31	72	60	46
4214	31	72	46	57
4215	1	46	4	43
4216	1	46	43	7
4217	1	46	7	40
4218	1	46	40	10
4219	1	46	10	37
4220	1	46	37	13
4221	1	46	13	34
4222	1	46	34	16
4223	1	46	16	31
4224	3	48	6	45
4225	3	48	45	9
4226	3	48	9	42
4227	3	48	42	12
4228	3	48	12	39
4229	3	48	39	15
4230	3	48	15	36
4231	3	48	36	18
4232	3	48	18	33
4233	5	50	8	47
4234	5	50	47	11
4235	5	50	11	44
4236	5	50	44	14
4237	5	50	14	41
4238	5	50	41	17
4239	5	50	17	38
4240	5	50	38	20
4241	5	50	20	35
4242	7	52	10	49
4243	7	52	49	13
4244	7	52	13	46
4245	7	52	46	16
4246	7	52	16	43
4247	7	52	43	19
4248	7	52	19	40
4249	7	52	40	22
4250	7	52	22	37
4251	9	54	12	51
4252	9	54	51	15
4253	9	54	15	48
4254	9	54	48	18
4255	9	54	18	45
4256	9	54	45	21
4257	9	54	21	42
4258	9	54	42	24
4259	9	54	24	39
4260	11	56	14	53
4261	11	56	53	17
4262	11	56	17	50
4263	11	56	50	20
4264	11	56	20	47
4265	11	56	47	23
4266	11	56	23	44
4267	11	56	44	26
4268	11	56	26	41
4269	13	58	16	55
4270	13	58	55	19
4271	13	58	19	52
4272	13	58	52	22
4273	13	58	22	49
4274	13	58	49	25
4275	13	58	25	46
4276	13	58	46	28
4277	13	58	28	43
4278	15	60	18	57
4279	15	60	57	21
4280	15	60	21	54
4281	15	60	54	24
4282	15	60	24	51
4283	15	60	51	27
4284	15	60	27	48
4285	15	60	48	30
4286	15	60	30	45
4287	17	62	20	59
4288	17	62	59	23
4289	17	62	23	56
4290	17	62	56	26
4291	17	62	26	53
4292	17	62	53	29
4293	17	62	29	50
4294	17	62	50	32
4295	17	62	32	47
4296	19	64	22	61
4297	19	64	61	25
4298	19	64	25	58
4299	19	64	58	28
4300	19	64	28	55
4301	19	64	55	31
4302	19	64	31	52
4303	19	64	52	34
4304	19	64	34	49
4305	21	66	24	63
4306	21	66	63	27
4307	21	66	27	60
4308	21	66	60	30
4309	21	66	30	57
4310	21	66	57	33
4311	21	66	33	54
4312	21	66	54	36
4313	21	66	36	51
4314	23	68	26	65
4315	23	68	65	29
4316	23	68	29	62
4317	23	68	62	32
4318	23	68	32	59
4319	23	68	59	35
4320	23	68	35	56
4321	23	68	56	38
4322	23	68	38	53
4323	25	70	28	67
4324	25	70	67	31
4325	25	70	31	64
4326	25	70	64	34
4327	25	70	34	61
4328	25	70	61	37
4329	25	70	37	58
4330	25	70	58	40
4331	25	70	40	55
4332	27	72	30	69
4333	27	72	69	33
4334	27	72	33	66
4335	27	72	66	36
4336	27	72	36	63
4337	27	72	63	39
4338	27	72	39	60
4339	27	72	60	42
4340	27	72	42	57
4341	1	50	4	47
4342	1	50	47	7
4343	1	50	7	44
4344	1	50	44	10
4345	1	50	10	41
4346	1	50	41	13
4347	1	50	13	38
4348	1	50	38	16
4349	1	50	16	35
4350	3	52	6	49
4351	3	52	49	9
4352	3	52	9	46
4353	3	52	46	12
4354	3	52	12	43
4355	3	52	43	15
4356	3	52	15	40
4357	3	52	40	18
4358	3	52	18	37
4359	5	54	8	51
4360	5	54	51	11
4361	5	54	11	48
4362	5	54	48	14
4363	5	54	14	45
4364	5	54	45	17
4365	5	54	17	42
4366	5	54	42	20
4367	5	54	20	39
4368	7	56	10	53
4369	7	56	53	13
4370	7	56	13	50
4371	7	56	50	16
4372	7	56	16	47
4373	7	56	47	19
4374	7	56	19	44
4375	7	56	44	22
4376	7	56	22	41
4377	9	58	12	55
4378	9	58	55	15
4379	9	58	15	52
4380	9	58	52	18
4381	9	58	18	49
4382	9	58	49	21
4383	9	58	21	46
4384	9	58	46	24
4385	9	58	24	43
4386	11	60	14	57
4387	11	60	57	17
4388	11	60	17	54
4389	11	60	54	20
4390	11	60	20	51
4391	11	60	51	23
4392	11	60	23	48
4393	11	60	48	26
4394	11	60	26	45
4395	13	62	16	59
4396	13	62	59	19
4397	13	62	19	56
4398	13	62	56	22
4399	13	62	22	53
4400	13	62	53	25
4401	13	62	25	50
4402	13	62	50	28
4403	13	62	28	47
4404	15	64	18	61
4405	15	64	61	21
4406	15	64	21	58
4407	15	64	58	24
4408	15	64	24	55
4409	15	64	55	27
4410	15	64	27	52
4411	15	64	52	30
4412	15	64	30	49
4413	17	66	20	63
4414	17	66	63	23
4415	17	66	23	60
4416	17	66	60	26
4417	17	66	26	57
4418	17	66	57	29
4419	17	66	29	54
4420	17	66	54	32
4421	17	66	32	51
4422	19	68	22	65
4423	19	68	65	25
4424	19	68	25	62
4425	19	68	62	28
4426	19	68	28	59
4427	19	68	59	31
4428	19	68	31	56
4429	19	68	56	34
4430	19	68	34	53
4431	21	70	24	67
4432	21	70	67	27
4433	21	70	27	64
4434	21	70	64	30
4435	21	70	30	61
4436	21	70	61	33
4437	21	70	33	58
4438	21	70	58	36
4439	21	70	36	55
4440	23	72	26	69
4441	23	72	69	29
4442	23	72	29	66
4443	23	72	66	32
4444	23	72	32	63
4445	23	72	63	35
4446	23	72	35	60
4447	23	72	60	38
4448	23	72	38	57
4449	1	54	4	51
4450	1	54	51	7
4451	1	54	7	48
4452	1	54	48	10
4453	1	54	10	45
4454	1	54	45	13
4455	1	54	13	42
4456	1	54	42	16
4457	1	54	16	39
4458	3	56	6	53
4459	3	56	53	9
4460	3	56	9	50
4461	3	56	50	12
4462	3	56	12	47
4463	3	56	47	15
4464	3	56	15	44
4465	3	56	44	18
4466	3	56	18	41
4467	5	58	8	55
4468	5	58	55	11
4469	5	58	11	52
4470	5	58	52	14
4471	5	58	14	49
4472	5	58	49	17
4473	5	58	17	46
4474	5	58	46	20
4475	5	58	20	43
4476	7	60	10	57
4477	7	60	57	13
4478	7	60	13	54
4479	7	60	54	16
4480	7	60	16	51
4481	7	60	51	19
4482	7	60	19	48
4483	7	60	48	22
4484	7	60	22	45
4485	9	62	12	59
4486	9	62	59	15
4487	9	62	15	56
4488	9	62	56	18
4489	9	62	18	53
4490	9	62	53	21
4491	9	62	21	50
4492	9	62	50	24
4493	9	62	24	47
4494	11	64	14	61
4495	11	64	61	17
4496	11	64	17	58
4497	11	64	58	20
4498	11	64	20	55
4499	11	64	55	23
4500	11	64	23	52
4501	11	64	52	26
4502	11	64	26	49
4503	13	66	16	63
4504	13	66	63	19
4505	13	66	19	60
4506	13	66	60	22
4507	13	66	22	57
4508	13	66	57	25
4509	13	66	25	54
4510	13	66	54	28
4511	13	66	28	51
4512	15	68	18	65
4513	15	68	65	21
4514	15	68	21	62
4515	15	68	62	24
4516	15	68	24	59
4517	15	68	59	27
4518	15	68	27	56
4519	15	68	56	30
4520	15	68	30	53
4521	17	70	20	67
4522	17	70	67	23
4523	17	70	23	64
4524	17	70	64	26
4525	17	70	26	61
4526	17	70	61	29
4527	17	70	29	58
4528	17	70	58	32
4529	17	70	32	55
4530	19	72	22	69
4531	19	72	69	25
4532	19	72	25	66
4533	19	72	66	28
4534	19	72	28	63
4535	19	72	63	31
4536	19	72	31	60
4537	19	72	60	34
4538	19	72	34	57
4539	1	58	4	55
4540	1	58	55	7
4541	1	58	7	52
4542	1	58	52	10
4543	1	58	10	49
4544	1	58	49	13
4545	1	58	13	46
4546	1	58	46	16
4547	1	58	16	43
4548	3	60	6	57
4549	3	60	57	9
4550	3	60	9	54
4551	3	60	54	12
4552	3	60	12	51
4553	3	60	51	15
4554	3	60	15	48
4555	3	60	48	18
4556	3	60	18	45
4557	5	62	8	59
4558	5	62	59	11
4559	5	62	11	56
4560	5	62	56	14
4561	5	62	14	53
4562	5	62	53	17
4563	5	62	17	50
4564	5	62	50	20
4565	5	62	20	47
4566	7	64	10	61
4567	7	64	61	13
4568	7	64	13	58
4569	7	64	58	16
4570	7	64	16	55
4571	7	64	55	19
4572	7	64	19	52
4573	7	64	52	22
4574	7	64	22	49
4575	9	66	12	63
4576	9	66	63	15
4577	9	66	15	60
4578	9	66	60	18
4579	9	66	18	57
4580	9	66	57	21
4581	9	66	21	54
4582	9	66	54	24
4583	9	66	24	51
4584	11	68	14	65
4585	11	68	65	17
4586	11	68	17	62
4587	11	68	62	20
4588	11	68	20	59
4589	11	68	59	23
4590	11	68	23	56
4591	11	68	56	26
4592	11	68	26	53
4593	13	70	16	67
4594	13	70	67	19
4595	13	70	19	64
4596	13	70	64	22
4597	13	70	22	61
4598	13	70	61	25
4599	13	70	25	58
4600	13	70	58	28
4601	13	70	28	55
4602	15	72	18	69
4603	15	72	69	21
4604	15	72	21	66
4605	15	72	66	24
4606	15	72	24	63
4607	15	72	63	27
4608	15	72	27	60
4609	15	72	60	30
4610	15	72	30	57
4611	1	62	5	58
4612	1	62	58	9
4613	1	62	9	54
4614	1	62	54	13
4615	1	62	13	50
4616	1	62	50	17
4617	1	62	17	46
4618	1	62	46	21
4619	1	62	21	42
4620	3	64	7	60
4621	3	64	60	11
4622	3	64	11	56
4623	3	64	56	15
4624	3	64	15	52
4625	3	64	52	19
4626	3	64	19	48
4627	3	64	48	23
4628	3	64	23	44
4629	5	66	9	62
4630	5	66	62	13
4631	5	66	13	58
4632	5	66	58	17
4633	5	66	17	54
4634	5	66	54	21
4635	5	66	21	50
4636	5	66	50	25
4637	5	66	25	46
4638	7	68	11	64
4639	7	68	64	15
4640	7	68	15	60
4641	7	68	60	19
4642	7	68	19	56
4643	7	68	56	23
4644	7	68	23	52
4645	7	68	52	27
4646	7	68	27	48
4647	9	70	13	66
4648	9	70	66	17
4649	9	70	17	62
4650	9	70	62	21
4651	9	70	21	58
4652	9	70	58	25
4653	9	70	25	54
4654	9	70	54	29
4655	9	70	29	50
4656	11	72	15	68
4657	11	72	68	19
4658	11	72	19	64
4659	11	72	64	23
4660	11	72	23	60
4661	11	72	60	27
4662	11	72	27	56
4663	11	72	56	31
4664	11	72	31	52
4665	1	66	5	62
4666	1	66	62	9
4667	1	66	9	58
4668	1	66	58	13
4669	1	66	13	54
4670	1	66	54	17
4671	1	66	17	50
4672	1	66	50	21
4673	1	66	21	46
4674	3	68	7	64
4675	3	68	64	11
4676	3	68	11	60
4677	3	68	60	15
4678	3	68	15	56
4679	3	68	56	19
4680	3	68	19	52
4681	3	68	52	23
4682	3	68	23	48
4683	5	70	9	66
4684	5	70	66	13
4685	5	70	13	62
4686	5	70	62	17
4687	5	70	17	58
4688	5	70	58	21
4689	5	70	21	54
4690	5	70	54	25
4691	5	70	25	50
4692	7	72	11	68
4693	7	72	68	15
4694	7	72	15	64
4695	7	72	64	19
4696	7	72	19	60
4697	7	72	60	23
4698	7	72	23	56
4699	7	72	56	27
4700	7	72	27	52
4701	1	70	5	66
4702	1	70	66	9
4703	1	70	9	62
4704	1	70	62	13
4705	1	70	13	58
4706	1	70	58	17
4707	1	70	17	54
4708	1	70	54	21
4709	1	70	21	50
4710	3	72	7	68
4711	3	72	68	11
4712	3	72	11	64
4713	3	72	64	15
4714	3	72	15	60
4715	3	72	60	19
4716	3	72	19	56
4717	3	72	56	23
4718	3	72	23	52
