# X Y Z
1 0 0 0
2 1 0 0
3 2 0 0
4 3 0 0
5 4 0 0
6 5 0 0
7 6 0 0
8 7 0 0
9 8 0 0
10 9 0 0
11 10 0 0
12 11 0 0
13 12 0 0
14 13 0 0
15 14 0 0
16 15 0 0
17 16 0 0
18 17 0 0
19 18 0 0
20 19 0 0
21 20 0 0
22 21 0 0
23 22 0 0
24 23 0 0
25 24 0 0
26 25 0 0
27 26 0 0
28 27 0 0
29 28 0 0
30 29 0 0
31 30 0 0
32 31 0 0
33 32 0 0
34 33 0 0
35 34 0 0
36 35 0 0
37 36 0 0
38 37 0 0
39 38 0 0
40 39 0 0
41 40 0 0
42 41 0 0
43 42 0 0
44 43 0 0
45 44 0 0
46 45 0 0
47 46 0 0
48 47 0 0
49 48 0 0
50 49 0 0
51 50 0 0
52 51 0 0
53 52 0 0
54 53 0 0
55 54 0 0
56 55 0 0
57 56 0 0
58 57 0 0
59 58 0 0
60 59 0 0
61 60 0 0
62 61 0 0
63 62 0 0
64 63 0 0
65 64 0 0
66 65 0 0
67 66 0 0
68 67 0 0
69 68 0 0
70 69 0 0
71 70 0 0
72 71 0 0
# A B M N
1 28 31 29 30
2 28 31 30 34
3 28 31 34 37
4 28 31 37 40
5 28 31 40 43
6 28 31 43 46
7 28 31 46 49
8 28 31 49 52
9 28 31 52 55
10 28 31 55 58
11 1 6 2 5
12 1 6 5 11
13 1 6 11 16
14 1 6 16 21
15 1 6 21 26
16 1 6 26 31
17 1 6 31 36
18 1 6 36 41
19 1 6 41 46
20 1 6 46 51
21 46 51 50 47
22 46 51 47 41
23 46 51 41 36
24 46 51 36 31
25 46 51 31 26
26 46 51 26 21
27 46 51 21 16
28 46 51 16 11
29 46 51 11 6
30 46 51 6 1
31 1 7 2 6
32 1 7 6 13
33 1 7 13 19
34 1 7 19 25
35 1 7 25 31
36 1 7 31 37
37 1 7 37 43
38 1 7 43 49
39 1 7 49 55
40 1 7 55 61
41 55 61 60 56
42 55 61 56 49
43 55 61 49 43
44 55 61 43 37
45 55 61 37 31
46 55 61 31 25
47 55 61 25 19
48 55 61 19 13
49 55 61 13 7
50 55 61 7 1
51 1 8 2 7
52 1 8 7 15
53 1 8 15 22
54 1 8 22 29
55 1 8 29 36
56 1 8 36 43
57 1 8 43 50
58 1 8 50 57
59 1 8 57 64
60 1 8 64 71
61 64 71 70 65
62 64 71 65 57
63 64 71 57 50
64 64 71 50 43
65 64 71 43 36
66 64 71 36 29
67 64 71 29 22
68 64 71 22 15
69 64 71 15 8
70 64 71 8 1
71 1 49 4 46
72 1 49 46 7
73 1 49 7 43
74 1 49 43 10
75 1 49 10 40
76 1 49 40 13
77 1 49 13 37
78 1 49 37 16
79 1 49 16 34
80 1 49 34 19
81 1 51 4 48
82 1 51 48 7
83 1 51 7 45
84 1 51 45 10
85 1 51 10 42
86 1 51 42 13
87 1 51 13 39
88 1 51 39 16
89 1 51 16 36
90 1 51 36 19
91 1 53 4 50
92 1 53 50 7
93 1 53 7 47
94 1 53 47 10
95 1 53 10 44
96 1 53 44 13
97 1 53 13 41
98 1 53 41 16
99 1 53 16 38
100 1 53 38 19
101 1 55 4 52
102 1 55 52 7
103 1 55 7 49
104 1 55 49 10
105 1 55 10 46
106 1 55 46 13
107 1 55 13 43
108 1 55 43 16
109 1 55 16 40
110 1 55 40 19
111 1 57 5 53
112 1 57 53 9
113 1 57 9 49
114 1 57 49 13
115 1 57 13 45
116 1 57 45 17
117 1 57 17 41
118 1 57 41 21
119 1 57 21 37
120 1 57 37 25
121 1 59 5 55
122 1 59 55 9
123 1 59 9 51
124 1 59 51 13
125 1 59 13 47
126 1 59 47 17
127 1 59 17 43
128 1 59 43 21
129 1 59 21 39
130 1 59 39 25
131 1 61 5 57
132 1 61 57 9
133 1 61 9 53
134 1 61 53 13
135 1 61 13 49
136 1 61 49 17
137 1 61 17 45
138 1 61 45 21
139 1 61 21 41
140 1 61 41 25
141 1 63 5 59
142 1 63 59 9
143 1 63 9 55
144 1 63 55 13
145 1 63 13 51
146 1 63 51 17
147 1 63 17 47
148 1 63 47 21
149 1 63 21 43
150 1 63 43 25
151 1 65 5 61
152 1 65 61 9
153 1 65 9 57
154 1 65 57 13
155 1 65 13 53
156 1 65 53 17
157 1 65 17 49
158 1 65 49 21
159 1 65 21 45
160 1 65 45 25
161 1 67 5 63
162 1 67 63 9
163 1 67 9 59
164 1 67 59 13
165 1 67 13 55
166 1 67 55 17
167 1 67 17 51
168 1 67 51 21
169 1 67 21 47
170 1 67 47 25
171 1 69 5 65
172 1 69 65 9
173 1 69 9 61
174 1 69 61 13
175 1 69 13 57
176 1 69 57 17
177 1 69 17 53
178 1 69 53 21
179 1 69 21 49
180 1 69 49 25
181 1 71 5 67
182 1 71 67 9
183 1 71 9 63
184 1 71 63 13
185 1 71 13 59
186 1 71 59 17
187 1 71 17 55
188 1 71 55 21
189 1 71 21 51
190 1 71 51 25
191 29 32 30 31
192 29 32 31 35
193 29 32 35 38
194 29 32 38 41
195 29 32 41 44
196 29 32 44 47
197 29 32 47 50
198 29 32 50 53
199 29 32 53 56
200 29 32 56 59
201 2 7 3 6
202 2 7 6 12
203 2 7 12 17
204 2 7 17 22
205 2 7 22 27
206 2 7 27 32
207 2 7 32 37
208 2 7 37 42
209 2 7 42 47
210 2 7 47 52
211 47 52 51 48
212 47 52 48 42
213 47 52 42 37
214 47 52 37 32
215 47 52 32 27
216 47 52 27 22
217 47 52 22 17
218 47 52 17 12
219 47 52 12 7
220 47 52 7 2
221 2 8 3 7
222 2 8 7 14
223 2 8 14 20
224 2 8 20 26
225 2 8 26 32
226 2 8 32 38
227 2 8 38 44
228 2 8 44 50
229 2 8 50 56
230 2 8 56 62
231 56 62 61 57
232 56 62 57 50
233 56 62 50 44
234 56 62 44 38
235 56 62 38 32
236 56 62 32 26
237 56 62 26 20
238 56 62 20 14
239 56 62 14 8
240 56 62 8 2
241 2 9 3 8
242 2 9 8 16
243 2 9 16 23
244 2 9 23 30
245 2 9 30 37
246 2 9 37 44
247 2 9 44 51
248 2 9 51 58
249 2 9 58 65
250 2 9 65 72
251 65 72 71 66
252 65 72 66 58
253 65 72 58 51
254 65 72 51 44
255 65 72 44 37
256 65 72 37 30
257 65 72 30 23
258 65 72 23 16
259 65 72 16 9
260 65 72 9 2
261 2 50 5 47
262 2 50 47 8
263 2 50 8 44
264 2 50 44 11
265 2 50 11 41
266 2 50 41 14
267 2 50 14 38
268 2 50 38 17
269 2 50 17 35
270 2 50 35 20
271 2 52 5 49
272 2 52 49 8
273 2 52 8 46
274 2 52 46 11
275 2 52 11 43
276 2 52 43 14
277 2 52 14 40
278 2 52 40 17
279 2 52 17 37
280 2 52 37 20
281 2 54 5 51
282 2 54 51 8
283 2 54 8 48
284 2 54 48 11
285 2 54 11 45
286 2 54 45 14
287 2 54 14 42
288 2 54 42 17
289 2 54 17 39
290 2 54 39 20
291 2 56 5 53
292 2 56 53 8
293 2 56 8 50
294 2 56 50 11
295 2 56 11 47
296 2 56 47 14
297 2 56 14 44
298 2 56 44 17
299 2 56 17 41
300 2 56 41 20
301 2 58 6 54
302 2 58 54 10
303 2 58 10 50
304 2 58 50 14
305 2 58 14 46
306 2 58 46 18
307 2 58 18 42
308 2 58 42 22
309 2 58 22 38
310 2 58 38 26
311 2 60 6 56
312 2 60 56 10
313 2 60 10 52
314 2 60 52 14
315 2 60 14 48
316 2 60 48 18
317 2 60 18 44
318 2 60 44 22
319 2 60 22 40
320 2 60 40 26
321 2 62 6 58
322 2 62 58 10
323 2 62 10 54
324 2 62 54 14
325 2 62 14 50
326 2 62 50 18
327 2 62 18 46
328 2 62 46 22
329 2 62 22 42
330 2 62 42 26
331 2 64 6 60
332 2 64 60 10
333 2 64 10 56
334 2 64 56 14
335 2 64 14 52
336 2 64 52 18
337 2 64 18 48
338 2 64 48 22
339 2 64 22 44
340 2 64 44 26
341 2 66 6 62
342 2 66 62 10
343 2 66 10 58
344 2 66 58 14
345 2 66 14 54
346 2 66 54 18
347 2 66 18 50
348 2 66 50 22
349 2 66 22 46
350 2 66 46 26
351 2 68 6 64
352 2 68 64 10
353 2 68 10 60
354 2 68 60 14
355 2 68 14 56
356 2 68 56 18
357 2 68 18 52
358 2 68 52 22
359 2 68 22 48
360 2 68 48 26
361 2 70 6 66
362 2 70 66 10
363 2 70 10 62
364 2 70 62 14
365 2 70 14 58
366 2 70 58 18
367 2 70 18 54
368 2 70 54 22
369 2 70 22 50
370 2 70 50 26
371 2 72 6 68
372 2 72 68 10
373 2 72 10 64
374 2 72 64 14
375 2 72 14 60
376 2 72 60 18
377 2 72 18 56
378 2 72 56 22
379 2 72 22 52
380 25 27 29 31
381 25 27 31 33
382 25 27 33 35
383 25 27 35 37
384 25 27 37 39
385 25 27 39 41
386 25 27 41 43
387 25 27 43 45
388 25 27 45 47
389 25 27 47 49
390 30 33 31 32
391 30 33 32 36
392 30 33 36 39
393 30 33 39 42
394 30 33 42 45
395 30 33 45 48
396 30 33 48 51
397 30 33 51 54
398 30 33 54 57
399 30 33 57 60
400 3 8 4 7
401 3 8 7 13
402 3 8 13 18
403 3 8 18 23
404 3 8 23 28
405 3 8 28 33
406 3 8 33 38
407 3 8 38 43
408 3 8 43 48
409 3 8 48 53
410 48 53 52 49
411 48 53 49 43
412 48 53 43 38
413 48 53 38 33
414 48 53 33 28
415 48 53 28 23
416 48 53 23 18
417 48 53 18 13
418 48 53 13 8
419 48 53 8 3
420 3 9 4 8
421 3 9 8 15
422 3 9 15 21
423 3 9 21 27
424 3 9 27 33
425 3 9 33 39
426 3 9 39 45
427 3 9 45 51
428 3 9 51 57
429 3 9 57 63
430 57 63 62 58
431 57 63 58 51
432 57 63 51 45
433 57 63 45 39
434 57 63 39 33
435 57 63 33 27
436 57 63 27 21
437 57 63 21 15
438 57 63 15 9
439 57 63 9 3
440 3 49 6 46
441 3 49 46 9
442 3 49 9 43
443 3 49 43 12
444 3 49 12 40
445 3 49 40 15
446 3 49 15 37
447 3 49 37 18
448 3 49 18 34
449 3 49 34 21
450 3 51 6 48
451 3 51 48 9
452 3 51 9 45
453 3 51 45 12
454 3 51 12 42
455 3 51 42 15
456 3 51 15 39
457 3 51 39 18
458 3 51 18 36
459 3 51 36 21
460 3 53 6 50
461 3 53 50 9
462 3 53 9 47
463 3 53 47 12
464 3 53 12 44
465 3 53 44 15
466 3 53 15 41
467 3 53 41 18
468 3 53 18 38
469 3 53 38 21
470 3 55 6 52
471 3 55 52 9
472 3 55 9 49
473 3 55 49 12
474 3 55 12 46
475 3 55 46 15
476 3 55 15 43
477 3 55 43 18
478 3 55 18 40
479 3 55 40 21
480 3 57 6 54
481 3 57 54 9
482 3 57 9 51
483 3 57 51 12
484 3 57 12 48
485 3 57 48 15
486 3 57 15 45
487 3 57 45 18
488 3 57 18 42
489 3 57 42 21
490 3 59 7 55
491 3 59 55 11
492 3 59 11 51
493 3 59 51 15
494 3 59 15 47
495 3 59 47 19
496 3 59 19 43
497 3 59 43 23
498 3 59 23 39
499 3 59 39 27
500 3 61 7 57
501 3 61 57 11
502 3 61 11 53
503 3 61 53 15
504 3 61 15 49
505 3 61 49 19
506 3 61 19 45
507 3 61 45 23
508 3 61 23 41
509 3 61 41 27
510 3 63 7 59
511 3 63 59 11
512 3 63 11 55
513 3 63 55 15
514 3 63 15 51
515 3 63 51 19
516 3 63 19 47
517 3 63 47 23
518 3 63 23 43
519 3 63 43 27
520 3 65 7 61
521 3 65 61 11
522 3 65 11 57
523 3 65 57 15
524 3 65 15 53
525 3 65 53 19
526 3 65 19 49
527 3 65 49 23
528 3 65 23 45
529 3 65 45 27
530 3 67 7 63
531 3 67 63 11
532 3 67 11 59
533 3 67 59 15
534 3 67 15 55
535 3 67 55 19
536 3 67 19 51
537 3 67 51 23
538 3 67 23 47
539 3 67 47 27
540 3 69 7 65
541 3 69 65 11
542 3 69 11 61
543 3 69 61 15
544 3 69 15 57
545 3 69 57 19
546 3 69 19 53
547 3 69 53 23
548 3 69 23 49
549 3 69 49 27
550 3 71 7 67
551 3 71 67 11
552 3 71 11 63
553 3 71 63 15
554 3 71 15 59
555 3 71 59 19
556 3 71 19 55
557 3 71 55 23
558 3 71 23 51
559 3 71 51 27
560 26 28 30 32
561 26 28 32 34
562 26 28 34 36
563 26 28 36 38
564 26 28 38 40
565 26 28 40 42
566 26 28 42 44
567 26 28 44 46
568 26 28 46 48
569 26 28 48 50
570 31 34 32 33
571 31 34 33 37
572 31 34 37 40
573 31 34 40 43
574 31 34 43 46
575 31 34 46 49
576 31 34 49 52
577 31 34 52 55
578 31 34 55 58
579 31 34 58 61
580 4 9 5 8
581 4 9 8 14
582 4 9 14 19
583 4 9 19 24
584 4 9 24 29
585 4 9 29 34
586 4 9 34 39
587 4 9 39 44
588 4 9 44 49
589 4 9 49 54
590 49 54 53 50
591 49 54 50 44
592 49 54 44 39
593 49 54 39 34
594 49 54 34 29
595 49 54 29 24
596 49 54 24 19
597 49 54 19 14
598 49 54 14 9
599 49 54 9 4
600 4 10 5 9
601 4 10 9 16
602 4 10 16 22
603 4 10 22 28
604 4 10 28 34
605 4 10 34 40
606 4 10 40 46
607 4 10 46 52
608 4 10 52 58
609 4 10 58 64
610 58 64 63 59
611 58 64 59 52
612 58 64 52 46
613 58 64 46 40
614 58 64 40 34
615 58 64 34 28
616 58 64 28 22
617 58 64 22 16
618 58 64 16 10
619 58 64 10 4
620 4 50 7 47
621 4 50 47 10
622 4 50 10 44
623 4 50 44 13
624 4 50 13 41
625 4 50 41 16
626 4 50 16 38
627 4 50 38 19
628 4 50 19 35
629 4 50 35 22
630 4 52 7 49
631 4 52 49 10
632 4 52 10 46
633 4 52 46 13
634 4 52 13 43
635 4 52 43 16
636 4 52 16 40
637 4 52 40 19
638 4 52 19 37
639 4 52 37 22
640 4 54 7 51
641 4 54 51 10
642 4 54 10 48
643 4 54 48 13
644 4 54 13 45
645 4 54 45 16
646 4 54 16 42
647 4 54 42 19
648 4 54 19 39
649 4 54 39 22
650 4 56 7 53
651 4 56 53 10
652 4 56 10 50
653 4 56 50 13
654 4 56 13 47
655 4 56 47 16
656 4 56 16 44
657 4 56 44 19
658 4 56 19 41
659 4 56 41 22
660 4 58 7 55
661 4 58 55 10
662 4 58 10 52
663 4 58 52 13
664 4 58 13 49
665 4 58 49 16
666 4 58 16 46
667 4 58 46 19
668 4 58 19 43
669 4 58 43 22
670 4 60 8 56
671 4 60 56 12
672 4 60 12 52
673 4 60 52 16
674 4 60 16 48
675 4 60 48 20
676 4 60 20 44
677 4 60 44 24
678 4 60 24 40
679 4 60 40 28
680 4 62 8 58
681 4 62 58 12
682 4 62 12 54
683 4 62 54 16
684 4 62 16 50
685 4 62 50 20
686 4 62 20 46
687 4 62 46 24
688 4 62 24 42
689 4 62 42 28
690 4 64 8 60
691 4 64 60 12
692 4 64 12 56
693 4 64 56 16
694 4 64 16 52
695 4 64 52 20
696 4 64 20 48
697 4 64 48 24
698 4 64 24 44
699 4 64 44 28
700 4 66 8 62
701 4 66 62 12
702 4 66 12 58
703 4 66 58 16
704 4 66 16 54
705 4 66 54 20
706 4 66 20 50
707 4 66 50 24
708 4 66 24 46
709 4 66 46 28
710 4 68 8 64
711 4 68 64 12
712 4 68 12 60
713 4 68 60 16
714 4 68 16 56
715 4 68 56 20
716 4 68 20 52
717 4 68 52 24
718 4 68 24 48
719 4 68 48 28
720 4 70 8 66
721 4 70 66 12
722 4 70 12 62
723 4 70 62 16
724 4 70 16 58
725 4 70 58 20
726 4 70 20 54
727 4 70 54 24
728 4 70 24 50
729 4 70 50 28
730 4 72 8 68
731 4 72 68 12
732 4 72 12 64
733 4 72 64 16
734 4 72 16 60
735 4 72 60 20
736 4 72 20 56
737 4 72 56 24
738 4 72 24 52
739 4 72 52 28
740 27 29 31 33
741 27 29 33 35
742 27 29 35 37
743 27 29 37 39
744 27 29 39 41
745 27 29 41 43
746 27 29 43 45
747 27 29 45 47
748 27 29 47 49
749 27 29 49 51
750 32 35 33 34
751 32 35 34 38
752 32 35 38 41
753 32 35 41 44
754 32 35 44 47
755 32 35 47 50
756 32 35 50 53
757 32 35 53 56
758 32 35 56 59
759 32 35 59 62
760 5 10 6 9
761 5 10 9 15
762 5 10 15 20
763 5 10 20 25
764 5 10 25 30
765 5 10 30 35
766 5 10 35 40
767 5 10 40 45
768 5 10 45 50
769 5 10 50 55
770 50 55 54 51
771 50 55 51 45
772 50 55 45 40
773 50 55 40 35
774 50 55 35 30
775 50 55 30 25
776 50 55 25 20
777 50 55 20 15
778 50 55 15 10
779 50 55 10 5
780 5 11 6 10
781 5 11 10 17
782 5 11 17 23
783 5 11 23 29
784 5 11 29 35
785 5 11 35 41
786 5 11 41 47
787 5 11 47 53
788 5 11 53 59
789 5 11 59 65
790 59 65 64 60
791 59 65 60 53
792 59 65 53 47
793 59 65 47 41
794 59 65 41 35
795 59 65 35 29
796 59 65 29 23
797 59 65 23 17
798 59 65 17 11
799 59 65 11 5
800 5 49 8 46
801 5 49 46 11
802 5 49 11 43
803 5 49 43 14
804 5 49 14 40
805 5 49 40 17
806 5 49 17 37
807 5 49 37 20
808 5 49 20 34
809 5 49 34 23
810 5 51 8 48
811 5 51 48 11
812 5 51 11 45
813 5 51 45 14
814 5 51 14 42
815 5 51 42 17
816 5 51 17 39
817 5 51 39 20
818 5 51 20 36
819 5 51 36 23
820 5 53 8 50
821 5 53 50 11
822 5 53 11 47
823 5 53 47 14
824 5 53 14 44
825 5 53 44 17
826 5 53 17 41
827 5 53 41 20
828 5 53 20 38
829 5 53 38 23
830 5 55 8 52
831 5 55 52 11
832 5 55 11 49
833 5 55 49 14
834 5 55 14 46
835 5 55 46 17
836 5 55 17 43
837 5 55 43 20
838 5 55 20 40
839 5 55 40 23
840 5 57 8 54
841 5 57 54 11
842 5 57 11 51
843 5 57 51 14
844 5 57 14 48
845 5 57 48 17
846 5 57 17 45
847 5 57 45 20
848 5 57 20 42
849 5 57 42 23
850 5 59 8 56
851 5 59 56 11
852 5 59 11 53
853 5 59 53 14
854 5 59 14 50
855 5 59 50 17
856 5 59 17 47
857 5 59 47 20
858 5 59 20 44
859 5 59 44 23
860 5 61 9 57
861 5 61 57 13
862 5 61 13 53
863 5 61 53 17
864 5 61 17 49
865 5 61 49 21
866 5 61 21 45
867 5 61 45 25
868 5 61 25 41
869 5 61 41 29
870 5 63 9 59
871 5 63 59 13
872 5 63 13 55
873 5 63 55 17
874 5 63 17 51
875 5 63 51 21
876 5 63 21 47
877 5 63 47 25
878 5 63 25 43
879 5 63 43 29
880 5 65 9 61
881 5 65 61 13
882 5 65 13 57
883 5 65 57 17
884 5 65 17 53
885 5 65 53 21
886 5 65 21 49
887 5 65 49 25
888 5 65 25 45
889 5 65 45 29
890 5 67 9 63
891 5 67 63 13
892 5 67 13 59
893 5 67 59 17
894 5 67 17 55
895 5 67 55 21
896 5 67 21 51
897 5 67 51 25
898 5 67 25 47
899 5 67 47 29
900 5 69 9 65
901 5 69 65 13
902 5 69 13 61
903 5 69 61 17
904 5 69 17 57
905 5 69 57 21
906 5 69 21 53
907 5 69 53 25
908 5 69 25 49
909 5 69 49 29
910 5 71 9 67
911 5 71 67 13
912 5 71 13 63
913 5 71 63 17
914 5 71 17 59
915 5 71 59 21
916 5 71 21 55
917 5 71 55 25
918 5 71 25 51
919 5 71 51 29
920 28 30 32 34
921 28 30 34 36
922 28 30 36 38
923 28 30 38 40
924 28 30 40 42
925 28 30 42 44
926 28 30 44 46
927 28 30 46 48
928 28 30 48 50
929 28 30 50 52
930 33 36 34 35
931 33 36 35 39
932 33 36 39 42
933 33 36 42 45
934 33 36 45 48
935 33 36 48 51
936 33 36 51 54
937 33 36 54 57
938 33 36 57 60
939 33 36 60 63
940 6 11 7 10
941 6 11 10 16
942 6 11 16 21
943 6 11 21 26
944 6 11 26 31
945 6 11 31 36
946 6 11 36 41
947 6 11 41 46
948 6 11 46 51
949 6 11 51 56
950 51 56 55 52
951 51 56 52 46
952 51 56 46 41
953 51 56 41 36
954 51 56 36 31
955 51 56 31 26
956 51 56 26 21
957 51 56 21 16
958 51 56 16 11
959 51 56 11 6
960 6 12 7 11
961 6 12 11 18
962 6 12 18 24
963 6 12 24 30
964 6 12 30 36
965 6 12 36 42
966 6 12 42 48
967 6 12 48 54
968 6 12 54 60
969 6 12 60 66
970 60 66 65 61
971 60 66 61 54
972 60 66 54 48
973 60 66 48 42
974 60 66 42 36
975 60 66 36 30
976 60 66 30 24
977 60 66 24 18
978 60 66 18 12
979 60 66 12 6
980 6 50 9 47
981 6 50 47 12
982 6 50 12 44
983 6 50 44 15
984 6 50 15 41
985 6 50 41 18
986 6 50 18 38
987 6 50 38 21
988 6 50 21 35
989 6 50 35 24
990 6 52 9 49
991 6 52 49 12
992 6 52 12 46
993 6 52 46 15
994 6 52 15 43
995 6 52 43 18
996 6 52 18 40
997 6 52 40 21
998 6 52 21 37
999 6 52 37 24
1000 6 54 9 51
1001 6 54 51 12
1002 6 54 12 48
1003 6 54 48 15
1004 6 54 15 45
1005 6 54 45 18
1006 6 54 18 42
1007 6 54 42 21
1008 6 54 21 39
1009 6 54 39 24
1010 6 56 9 53
1011 6 56 53 12
1012 6 56 12 50
1013 6 56 50 15
1014 6 56 15 47
1015 6 56 47 18
1016 6 56 18 44
1017 6 56 44 21
1018 6 56 21 41
1019 6 56 41 24
1020 6 58 9 55
1021 6 58 55 12
1022 6 58 12 52
1023 6 58 52 15
1024 6 58 15 49
1025 6 58 49 18
1026 6 58 18 46
1027 6 58 46 21
1028 6 58 21 43
1029 6 58 43 24
1030 6 60 9 57
1031 6 60 57 12
1032 6 60 12 54
1033 6 60 54 15
1034 6 60 15 51
1035 6 60 51 18
1036 6 60 18 48
1037 6 60 48 21
1038 6 60 21 45
1039 6 60 45 24
1040 6 62 10 58
1041 6 62 58 14
1042 6 62 14 54
1043 6 62 54 18
1044 6 62 18 50
1045 6 62 50 22
1046 6 62 22 46
1047 6 62 46 26
1048 6 62 26 42
1049 6 62 42 30
1050 6 64 10 60
1051 6 64 60 14
1052 6 64 14 56
1053 6 64 56 18
1054 6 64 18 52
1055 6 64 52 22
1056 6 64 22 48
1057 6 64 48 26
1058 6 64 26 44
1059 6 64 44 30
1060 6 66 10 62
1061 6 66 62 14
1062 6 66 14 58
1063 6 66 58 18
1064 6 66 18 54
1065 6 66 54 22
1066 6 66 22 50
1067 6 66 50 26
1068 6 66 26 46
1069 6 66 46 30
1070 6 68 10 64
1071 6 68 64 14
1072 6 68 14 60
1073 6 68 60 18
1074 6 68 18 56
1075 6 68 56 22
1076 6 68 22 52
1077 6 68 52 26
1078 6 68 26 48
1079 6 68 48 30
1080 6 70 10 66
1081 6 70 66 14
1082 6 70 14 62
1083 6 70 62 18
1084 6 70 18 58
1085 6 70 58 22
1086 6 70 22 54
1087 6 70 54 26
1088 6 70 26 50
1089 6 70 50 30
1090 6 72 10 68
1091 6 72 68 14
1092 6 72 14 64
1093 6 72 64 18
1094 6 72 18 60
1095 6 72 60 22
1096 6 72 22 56
1097 6 72 56 26
1098 6 72 26 52
1099 6 72 52 30
1100 29 31 33 35
1101 29 31 35 37
1102 29 31 37 39
1103 29 31 39 41
1104 29 31 41 43
1105 29 31 43 45
1106 29 31 45 47
1107 29 31 47 49
1108 29 31 49 51
1109 29 31 51 53
1110 34 37 35 36
1111 34 37 36 40
1112 34 37 40 43
1113 34 37 43 46
1114 34 37 46 49
1115 34 37 49 52
1116 34 37 52 55
1117 34 37 55 58
1118 34 37 58 61
1119 34 37 61 64
1120 7 12 8 11
1121 7 12 11 17
1122 7 12 17 22
1123 7 12 22 27
1124 7 12 27 32
1125 7 12 32 37
1126 7 12 37 42
1127 7 12 42 47
1128 7 12 47 52
1129 7 12 52 57
1130 52 57 56 53
1131 52 57 53 47
1132 52 57 47 42
1133 52 57 42 37
1134 52 57 37 32
1135 52 57 32 27
1136 52 57 27 22
1137 52 57 22 17
1138 52 57 17 12
1139 52 57 12 7
1140 7 13 8 12
1141 7 13 12 19
1142 7 13 19 25
1143 7 13 25 31
1144 7 13 31 37
1145 7 13 37 43
1146 7 13 43 49
1147 7 13 49 55
1148 7 13 55 61
1149 7 13 61 67
1150 61 67 66 62
1151 61 67 62 55
1152 61 67 55 49
1153 61 67 49 43
1154 61 67 43 37
1155 61 67 37 31
1156 61 67 31 25
1157 61 67 25 19
1158 61 67 19 13
1159 61 67 13 7
1160 7 49 10 46
1161 7 49 46 13
1162 7 49 13 43
1163 7 49 43 16
1164 7 49 16 40
1165 7 49 40 19
1166 7 49 19 37
1167 7 49 37 22
1168 7 49 22 34
1169 7 49 34 25
1170 7 51 10 48
1171 7 51 48 13
1172 7 51 13 45
1173 7 51 45 16
1174 7 51 16 42
1175 7 51 42 19
1176 7 51 19 39
1177 7 51 39 22
1178 7 51 22 36
1179 7 51 36 25
1180 7 53 10 50
1181 7 53 50 13
1182 7 53 13 47
1183 7 53 47 16
1184 7 53 16 44
1185 7 53 44 19
1186 7 53 19 41
1187 7 53 41 22
1188 7 53 22 38
1189 7 53 38 25
1190 7 55 10 52
1191 7 55 52 13
1192 7 55 13 49
1193 7 55 49 16
1194 7 55 16 46
1195 7 55 46 19
1196 7 55 19 43
1197 7 55 43 22
1198 7 55 22 40
1199 7 55 40 25
1200 7 57 10 54
1201 7 57 54 13
1202 7 57 13 51
1203 7 57 51 16
1204 7 57 16 48
1205 7 57 48 19
1206 7 57 19 45
1207 7 57 45 22
1208 7 57 22 42
1209 7 57 42 25
1210 7 59 10 56
1211 7 59 56 13
1212 7 59 13 53
1213 7 59 53 16
1214 7 59 16 50
1215 7 59 50 19
1216 7 59 19 47
1217 7 59 47 22
1218 7 59 22 44
1219 7 59 44 25
1220 7 61 10 58
1221 7 61 58 13
1222 7 61 13 55
1223 7 61 55 16
1224 7 61 16 52
1225 7 61 52 19
1226 7 61 19 49
1227 7 61 49 22
1228 7 61 22 46
1229 7 61 46 25
1230 7 63 11 59
1231 7 63 59 15
1232 7 63 15 55
1233 7 63 55 19
1234 7 63 19 51
1235 7 63 51 23
1236 7 63 23 47
1237 7 63 47 27
1238 7 63 27 43
1239 7 63 43 31
1240 7 65 11 61
1241 7 65 61 15
1242 7 65 15 57
1243 7 65 57 19
1244 7 65 19 53
1245 7 65 53 23
1246 7 65 23 49
1247 7 65 49 27
1248 7 65 27 45
1249 7 65 45 31
1250 7 67 11 63
1251 7 67 63 15
1252 7 67 15 59
1253 7 67 59 19
1254 7 67 19 55
1255 7 67 55 23
1256 7 67 23 51
1257 7 67 51 27
1258 7 67 27 47
1259 7 67 47 31
1260 7 69 11 65
1261 7 69 65 15
1262 7 69 15 61
1263 7 69 61 19
1264 7 69 19 57
1265 7 69 57 23
1266 7 69 23 53
1267 7 69 53 27
1268 7 69 27 49
1269 7 69 49 31
1270 7 71 11 67
1271 7 71 67 15
1272 7 71 15 63
1273 7 71 63 19
1274 7 71 19 59
1275 7 71 59 23
1276 7 71 23 55
1277 7 71 55 27
1278 7 71 27 51
1279 7 71 51 31
1280 30 32 34 36
1281 30 32 36 38
1282 30 32 38 40
1283 30 32 40 42
1284 30 32 42 44
1285 30 32 44 46
1286 30 32 46 48
1287 30 32 48 50
1288 30 32 50 52
1289 30 32 52 54
1290 35 38 36 37
1291 35 38 37 41
1292 35 38 41 44
1293 35 38 44 47
1294 35 38 47 50
1295 35 38 50 53
1296 35 38 53 56
1297 35 38 56 59
1298 35 38 59 62
1299 35 38 62 65
1300 8 13 9 12
1301 8 13 12 18
1302 8 13 18 23
1303 8 13 23 28
1304 8 13 28 33
1305 8 13 33 38
1306 8 13 38 43
1307 8 13 43 48
1308 8 13 48 53
1309 8 13 53 58
1310 53 58 57 54
1311 53 58 54 48
1312 53 58 48 43
1313 53 58 43 38
1314 53 58 38 33
1315 53 58 33 28
1316 53 58 28 23
1317 53 58 23 18
1318 53 58 18 13
1319 53 58 13 8
1320 8 14 9 13
1321 8 14 13 20
1322 8 14 20 26
1323 8 14 26 32
1324 8 14 32 38
1325 8 14 38 44
1326 8 14 44 50
1327 8 14 50 56
1328 8 14 56 62
1329 8 14 62 68
1330 62 68 67 63
1331 62 68 63 56
1332 62 68 56 50
1333 62 68 50 44
1334 62 68 44 38
1335 62 68 38 32
1336 62 68 32 26
1337 62 68 26 20
1338 62 68 20 14
1339 62 68 14 8
1340 8 50 11 47
1341 8 50 47 14
1342 8 50 14 44
1343 8 50 44 17
1344 8 50 17 41
1345 8 50 41 20
1346 8 50 20 38
1347 8 50 38 23
1348 8 50 23 35
1349 8 50 35 26
1350 8 52 11 49
1351 8 52 49 14
1352 8 52 14 46
1353 8 52 46 17
1354 8 52 17 43
1355 8 52 43 20
1356 8 52 20 40
1357 8 52 40 23
1358 8 52 23 37
1359 8 52 37 26
1360 8 54 11 51
1361 8 54 51 14
1362 8 54 14 48
1363 8 54 48 17
1364 8 54 17 45
1365 8 54 45 20
1366 8 54 20 42
1367 8 54 42 23
1368 8 54 23 39
1369 8 54 39 26
1370 8 56 11 53
1371 8 56 53 14
1372 8 56 14 50
1373 8 56 50 17
1374 8 56 17 47
1375 8 56 47 20
1376 8 56 20 44
1377 8 56 44 23
1378 8 56 23 41
1379 8 56 41 26
1380 8 58 11 55
1381 8 58 55 14
1382 8 58 14 52
1383 8 58 52 17
1384 8 58 17 49
1385 8 58 49 20
1386 8 58 20 46
1387 8 58 46 23
1388 8 58 23 43
1389 8 58 43 26
1390 8 60 11 57
1391 8 60 57 14
1392 8 60 14 54
1393 8 60 54 17
1394 8 60 17 51
1395 8 60 51 20
1396 8 60 20 48
1397 8 60 48 23
1398 8 60 23 45
1399 8 60 45 26
1400 8 62 11 59
1401 8 62 59 14
1402 8 62 14 56
1403 8 62 56 17
1404 8 62 17 53
1405 8 62 53 20
1406 8 62 20 50
1407 8 62 50 23
1408 8 62 23 47
1409 8 62 47 26
1410 8 64 12 60
1411 8 64 60 16
1412 8 64 16 56
1413 8 64 56 20
1414 8 64 20 52
1415 8 64 52 24
1416 8 64 24 48
1417 8 64 48 28
1418 8 64 28 44
1419 8 64 44 32
1420 8 66 12 62
1421 8 66 62 16
1422 8 66 16 58
1423 8 66 58 20
1424 8 66 20 54
1425 8 66 54 24
1426 8 66 24 50
1427 8 66 50 28
1428 8 66 28 46
1429 8 66 46 32
1430 8 68 12 64
1431 8 68 64 16
1432 8 68 16 60
1433 8 68 60 20
1434 8 68 20 56
1435 8 68 56 24
1436 8 68 24 52
1437 8 68 52 28
1438 8 68 28 48
1439 8 68 48 32
1440 8 70 12 66
1441 8 70 66 16
1442 8 70 16 62
1443 8 70 62 20
1444 8 70 20 58
1445 8 70 58 24
1446 8 70 24 54
1447 8 70 54 28
1448 8 70 28 50
1449 8 70 50 32
1450 8 72 12 68
1451 8 72 68 16
1452 8 72 16 64
1453 8 72 64 20
1454 8 72 20 60
1455 8 72 60 24
1456 8 72 24 56
1457 8 72 56 28
1458 8 72 28 52
1459 8 72 52 32
1460 31 33 35 37
1461 31 33 37 39
1462 31 33 39 41
1463 31 33 41 43
1464 31 33 43 45
1465 31 33 45 47
1466 31 33 47 49
1467 31 33 49 51
1468 31 33 51 53
1469 31 33 53 55
1470 36 39 37 38
1471 36 39 38 42
1472 36 39 42 45
1473 36 39 45 48
1474 36 39 48 51
1475 36 39 51 54
1476 36 39 54 57
1477 36 39 57 60
1478 36 39 60 63
1479 36 39 63 66
1480 9 13 10 12
1481 9 13 12 17
1482 9 13 17 21
1483 9 13 21 25
1484 9 13 25 29
1485 9 13 29 33
1486 9 13 33 37
1487 9 13 37 41
1488 9 13 41 45
1489 9 13 45 49
1490 45 49 48 46
1491 45 49 46 41
1492 45 49 41 37
1493 45 49 37 33
1494 45 49 33 29
1495 45 49 29 25
1496 45 49 25 21
1497 45 49 21 17
1498 45 49 17 13
1499 45 49 13 9
1500 9 14 10 13
1501 9 14 13 19
1502 9 14 19 24
1503 9 14 24 29
1504 9 14 29 34
1505 9 14 34 39
1506 9 14 39 44
1507 9 14 44 49
1508 9 14 49 54
1509 9 14 54 59
1510 54 59 58 55
1511 54 59 55 49
1512 54 59 49 44
1513 54 59 44 39
1514 54 59 39 34
1515 54 59 34 29
1516 54 59 29 24
1517 54 59 24 19
1518 54 59 19 14
1519 54 59 14 9
1520 9 15 10 14
1521 9 15 14 21
1522 9 15 21 27
1523 9 15 27 33
1524 9 15 33 39
1525 9 15 39 45
1526 9 15 45 51
1527 9 15 51 57
1528 9 15 57 63
1529 9 15 63 69
1530 63 69 68 64
1531 63 69 64 57
1532 63 69 57 51
1533 63 69 51 45
1534 63 69 45 39
1535 63 69 39 33
1536 63 69 33 27
1537 63 69 27 21
1538 63 69 21 15
1539 63 69 15 9
1540 9 49 12 46
1541 9 49 46 15
1542 9 49 15 43
1543 9 49 43 18
1544 9 49 18 40
1545 9 49 40 21
1546 9 49 21 37
1547 9 49 37 24
1548 9 49 24 34
1549 9 49 34 27
1550 9 51 12 48
1551 9 51 48 15
1552 9 51 15 45
1553 9 51 45 18
1554 9 51 18 42
1555 9 51 42 21
1556 9 51 21 39
1557 9 51 39 24
1558 9 51 24 36
1559 9 51 36 27
1560 9 53 12 50
1561 9 53 50 15
1562 9 53 15 47
1563 9 53 47 18
1564 9 53 18 44
1565 9 53 44 21
1566 9 53 21 41
1567 9 53 41 24
1568 9 53 24 38
1569 9 53 38 27
1570 9 55 12 52
1571 9 55 52 15
1572 9 55 15 49
1573 9 55 49 18
1574 9 55 18 46
1575 9 55 46 21
1576 9 55 21 43
1577 9 55 43 24
1578 9 55 24 40
1579 9 55 40 27
1580 9 57 12 54
1581 9 57 54 15
1582 9 57 15 51
1583 9 57 51 18
1584 9 57 18 48
1585 9 57 48 21
1586 9 57 21 45
1587 9 57 45 24
1588 9 57 24 42
1589 9 57 42 27
1590 9 59 12 56
1591 9 59 56 15
1592 9 59 15 53
1593 9 59 53 18
1594 9 59 18 50
1595 9 59 50 21
1596 9 59 21 47
1597 9 59 47 24
1598 9 59 24 44
1599 9 59 44 27
1600 9 61 12 58
1601 9 61 58 15
1602 9 61 15 55
1603 9 61 55 18
1604 9 61 18 52
1605 9 61 52 21
1606 9 61 21 49
1607 9 61 49 24
1608 9 61 24 46
1609 9 61 46 27
1610 9 63 12 60
1611 9 63 60 15
1612 9 63 15 57
1613 9 63 57 18
1614 9 63 18 54
1615 9 63 54 21
1616 9 63 21 51
1617 9 63 51 24
1618 9 63 24 48
1619 9 63 48 27
1620 9 65 13 61
1621 9 65 61 17
1622 9 65 17 57
1623 9 65 57 21
1624 9 65 21 53
1625 9 65 53 25
1626 9 65 25 49
1627 9 65 49 29
1628 9 65 29 45
1629 9 65 45 33
1630 9 67 13 63
1631 9 67 63 17
1632 9 67 17 59
1633 9 67 59 21
1634 9 67 21 55
1635 9 67 55 25
1636 9 67 25 51
1637 9 67 51 29
1638 9 67 29 47
1639 9 67 47 33
1640 9 69 13 65
1641 9 69 65 17
1642 9 69 17 61
1643 9 69 61 21
1644 9 69 21 57
1645 9 69 57 25
1646 9 69 25 53
1647 9 69 53 29
1648 9 69 29 49
1649 9 69 49 33
1650 9 71 13 67
1651 9 71 67 17
1652 9 71 17 63
1653 9 71 63 21
1654 9 71 21 59
1655 9 71 59 25
1656 9 71 25 55
1657 9 71 55 29
1658 9 71 29 51
1659 9 71 51 33
1660 32 34 36 38
1661 32 34 38 40
1662 32 34 40 42
1663 32 34 42 44
1664 32 34 44 46
1665 32 34 46 48
1666 32 34 48 50
1667 32 34 50 52
1668 32 34 52 54
1669 32 34 54 56
1670 37 40 38 39
1671 37 40 39 43
1672 37 40 43 46
1673 37 40 46 49
1674 37 40 49 52
1675 37 40 52 55
1676 37 40 55 58
1677 37 40 58 61
1678 37 40 61 64
1679 37 40 64 67
1680 10 14 11 13
1681 10 14 13 18
1682 10 14 18 22
1683 10 14 22 26
1684 10 14 26 30
1685 10 14 30 34
1686 10 14 34 38
1687 10 14 38 42
1688 10 14 42 46
1689 10 14 46 50
1690 46 50 49 47
1691 46 50 47 42
1692 46 50 42 38
1693 46 50 38 34
1694 46 50 34 30
1695 46 50 30 26
1696 46 50 26 22
1697 46 50 22 18
1698 46 50 18 14
1699 46 50 14 10
1700 10 15 11 14
1701 10 15 14 20
1702 10 15 20 25
1703 10 15 25 30
1704 10 15 30 35
1705 10 15 35 40
1706 10 15 40 45
1707 10 15 45 50
1708 10 15 50 55
1709 10 15 55 60
1710 55 60 59 56
1711 55 60 56 50
1712 55 60 50 45
1713 55 60 45 40
1714 55 60 40 35
1715 55 60 35 30
1716 55 60 30 25
1717 55 60 25 20
1718 55 60 20 15
1719 55 60 15 10
1720 10 16 11 15
1721 10 16 15 22
1722 10 16 22 28
1723 10 16 28 34
1724 10 16 34 40
1725 10 16 40 46
1726 10 16 46 52
1727 10 16 52 58
1728 10 16 58 64
1729 10 16 64 70
1730 64 70 69 65
1731 64 70 65 58
1732 64 70 58 52
1733 64 70 52 46
1734 64 70 46 40
1735 64 70 40 34
1736 64 70 34 28
1737 64 70 28 22
1738 64 70 22 16
1739 64 70 16 10
1740 10 50 13 47
1741 10 50 47 16
1742 10 50 16 44
1743 10 50 44 19
1744 10 50 19 41
1745 10 50 41 22
1746 10 50 22 38
1747 10 50 38 25
1748 10 50 25 35
1749 10 50 35 28
1750 10 52 13 49
1751 10 52 49 16
1752 10 52 16 46
1753 10 52 46 19
1754 10 52 19 43
1755 10 52 43 22
1756 10 52 22 40
1757 10 52 40 25
1758 10 52 25 37
1759 10 52 37 28
1760 10 54 13 51
1761 10 54 51 16
1762 10 54 16 48
1763 10 54 48 19
1764 10 54 19 45
1765 10 54 45 22
1766 10 54 22 42
1767 10 54 42 25
1768 10 54 25 39
1769 10 54 39 28
1770 10 56 13 53
1771 10 56 53 16
1772 10 56 16 50
1773 10 56 50 19
1774 10 56 19 47
1775 10 56 47 22
1776 10 56 22 44
1777 10 56 44 25
1778 10 56 25 41
1779 10 56 41 28
1780 10 58 13 55
1781 10 58 55 16
1782 10 58 16 52
1783 10 58 52 19
1784 10 58 19 49
1785 10 58 49 22
1786 10 58 22 46
1787 10 58 46 25
1788 10 58 25 43
1789 10 58 43 28
1790 10 60 13 57
1791 10 60 57 16
1792 10 60 16 54
1793 10 60 54 19
1794 10 60 19 51
1795 10 60 51 22
1796 10 60 22 48
1797 10 60 48 25
1798 10 60 25 45
1799 10 60 45 28
1800 10 62 13 59
1801 10 62 59 16
1802 10 62 16 56
1803 10 62 56 19
1804 10 62 19 53
1805 10 62 53 22
1806 10 62 22 50
1807 10 62 50 25
1808 10 62 25 47
1809 10 62 47 28
1810 10 64 13 61
1811 10 64 61 16
1812 10 64 16 58
1813 10 64 58 19
1814 10 64 19 55
1815 10 64 55 22
1816 10 64 22 52
1817 10 64 52 25
1818 10 64 25 49
1819 10 64 49 28
1820 10 66 14 62
1821 10 66 62 18
1822 10 66 18 58
1823 10 66 58 22
1824 10 66 22 54
1825 10 66 54 26
1826 10 66 26 50
1827 10 66 50 30
1828 10 66 30 46
1829 10 66 46 34
1830 10 68 14 64
1831 10 68 64 18
1832 10 68 18 60
1833 10 68 60 22
1834 10 68 22 56
1835 10 68 56 26
1836 10 68 26 52
1837 10 68 52 30
1838 10 68 30 48
1839 10 68 48 34
1840 10 70 14 66
1841 10 70 66 18
1842 10 70 18 62
1843 10 70 62 22
1844 10 70 22 58
1845 10 70 58 26
1846 10 70 26 54
1847 10 70 54 30
1848 10 70 30 50
1849 10 70 50 34
1850 10 72 14 68
1851 10 72 68 18
1852 10 72 18 64
1853 10 72 64 22
1854 10 72 22 60
1855 10 72 60 26
1856 10 72 26 56
1857 10 72 56 30
1858 10 72 30 52
1859 10 72 52 34
1860 33 35 37 39
1861 33 35 39 41
1862 33 35 41 43
1863 33 35 43 45
1864 33 35 45 47
1865 33 35 47 49
1866 33 35 49 51
1867 33 35 51 53
1868 33 35 53 55
1869 33 35 55 57
1870 38 41 39 40
1871 38 41 40 44
1872 38 41 44 47
1873 38 41 47 50
1874 38 41 50 53
1875 38 41 53 56
1876 38 41 56 59
1877 38 41 59 62
1878 38 41 62 65
1879 38 41 65 68
1880 11 15 12 14
1881 11 15 14 19
1882 11 15 19 23
1883 11 15 23 27
1884 11 15 27 31
1885 11 15 31 35
1886 11 15 35 39
1887 11 15 39 43
1888 11 15 43 47
1889 11 15 47 51
1890 47 51 50 48
1891 47 51 48 43
1892 47 51 43 39
1893 47 51 39 35
1894 47 51 35 31
1895 47 51 31 27
1896 47 51 27 23
1897 47 51 23 19
1898 47 51 19 15
1899 47 51 15 11
1900 11 16 12 15
1901 11 16 15 21
1902 11 16 21 26
1903 11 16 26 31
1904 11 16 31 36
1905 11 16 36 41
1906 11 16 41 46
1907 11 16 46 51
1908 11 16 51 56
1909 11 16 56 61
1910 56 61 60 57
1911 56 61 57 51
1912 56 61 51 46
1913 56 61 46 41
1914 56 61 41 36
1915 56 61 36 31
1916 56 61 31 26
1917 56 61 26 21
1918 56 61 21 16
1919 56 61 16 11
1920 11 17 12 16
1921 11 17 16 23
1922 11 17 23 29
1923 11 17 29 35
1924 11 17 35 41
1925 11 17 41 47
1926 11 17 47 53
1927 11 17 53 59
1928 11 17 59 65
1929 11 17 65 71
1930 65 71 70 66
1931 65 71 66 59
1932 65 71 59 53
1933 65 71 53 47
1934 65 71 47 41
1935 65 71 41 35
1936 65 71 35 29
1937 65 71 29 23
1938 65 71 23 17
1939 65 71 17 11
1940 11 49 13 47
1941 11 49 47 15
1942 11 49 15 45
1943 11 49 45 17
1944 11 49 17 43
1945 11 49 43 19
1946 11 49 19 41
1947 11 49 41 21
1948 11 49 21 39
1949 11 49 39 23
1950 11 51 14 48
1951 11 51 48 17
1952 11 51 17 45
1953 11 51 45 20
1954 11 51 20 42
1955 11 51 42 23
1956 11 51 23 39
1957 11 51 39 26
1958 11 51 26 36
1959 11 51 36 29
1960 11 53 14 50
1961 11 53 50 17
1962 11 53 17 47
1963 11 53 47 20
1964 11 53 20 44
1965 11 53 44 23
1966 11 53 23 41
1967 11 53 41 26
1968 11 53 26 38
1969 11 53 38 29
1970 11 55 14 52
1971 11 55 52 17
1972 11 55 17 49
1973 11 55 49 20
1974 11 55 20 46
1975 11 55 46 23
1976 11 55 23 43
1977 11 55 43 26
1978 11 55 26 40
1979 11 55 40 29
1980 11 57 14 54
1981 11 57 54 17
1982 11 57 17 51
1983 11 57 51 20
1984 11 57 20 48
1985 11 57 48 23
1986 11 57 23 45
1987 11 57 45 26
1988 11 57 26 42
1989 11 57 42 29
1990 11 59 14 56
1991 11 59 56 17
1992 11 59 17 53
1993 11 59 53 20
1994 11 59 20 50
1995 11 59 50 23
1996 11 59 23 47
1997 11 59 47 26
1998 11 59 26 44
1999 11 59 44 29
2000 11 61 14 58
2001 11 61 58 17
2002 11 61 17 55
2003 11 61 55 20
2004 11 61 20 52
2005 11 61 52 23
2006 11 61 23 49
2007 11 61 49 26
2008 11 61 26 46
2009 11 61 46 29
2010 11 63 14 60
2011 11 63 60 17
2012 11 63 17 57
2013 11 63 57 20
2014 11 63 20 54
2015 11 63 54 23
2016 11 63 23 51
2017 11 63 51 26
2018 11 63 26 48
2019 11 63 48 29
2020 11 65 14 62
2021 11 65 62 17
2022 11 65 17 59
2023 11 65 59 20
2024 11 65 20 56
2025 11 65 56 23
2026 11 65 23 53
2027 11 65 53 26
2028 11 65 26 50
2029 11 65 50 29
2030 11 67 15 63
2031 11 67 63 19
2032 11 67 19 59
2033 11 67 59 23
2034 11 67 23 55
2035 11 67 55 27
2036 11 67 27 51
2037 11 67 51 31
2038 11 67 31 47
2039 11 67 47 35
2040 11 69 15 65
2041 11 69 65 19
2042 11 69 19 61
2043 11 69 61 23
2044 11 69 23 57
2045 11 69 57 27
2046 11 69 27 53
2047 11 69 53 31
2048 11 69 31 49
2049 11 69 49 35
2050 11 71 15 67
2051 11 71 67 19
2052 11 71 19 63
2053 11 71 63 23
2054 11 71 23 59
2055 11 71 59 27
2056 11 71 27 55
2057 11 71 55 31
2058 11 71 31 51
2059 11 71 51 35
2060 34 36 38 40
2061 34 36 40 42
2062 34 36 42 44
2063 34 36 44 46
2064 34 36 46 48
2065 34 36 48 50
2066 34 36 50 52
2067 34 36 52 54
2068 34 36 54 56
2069 34 36 56 58
2070 39 42 40 41
2071 39 42 41 45
2072 39 42 45 48
2073 39 42 48 51
2074 39 42 51 54
2075 39 42 54 57
2076 39 42 57 60
2077 39 42 60 63
2078 39 42 63 66
2079 39 42 66 69
2080 12 16 13 15
2081 12 16 15 20
2082 12 16 20 24
2083 12 16 24 28
2084 12 16 28 32
2085 12 16 32 36
2086 12 16 36 40
2087 12 16 40 44
2088 12 16 44 48
2089 12 16 48 52
2090 48 52 51 49
2091 48 52 49 44
2092 48 52 44 40
2093 48 52 40 36
2094 48 52 36 32
2095 48 52 32 28
2096 48 52 28 24
2097 48 52 24 20
2098 48 52 20 16
2099 48 52 16 12
2100 12 17 13 16
2101 12 17 16 22
2102 12 17 22 27
2103 12 17 27 32
2104 12 17 32 37
2105 12 17 37 42
2106 12 17 42 47
2107 12 17 47 52
2108 12 17 52 57
2109 12 17 57 62
2110 57 62 61 58
2111 57 62 58 52
2112 57 62 52 47
2113 57 62 47 42
2114 57 62 42 37
2115 57 62 37 32
2116 57 62 32 27
2117 57 62 27 22
2118 57 62 22 17
2119 57 62 17 12
2120 12 18 13 17
2121 12 18 17 24
2122 12 18 24 30
2123 12 18 30 36
2124 12 18 36 42
2125 12 18 42 48
2126 12 18 48 54
2127 12 18 54 60
2128 12 18 60 66
2129 12 18 66 72
2130 66 72 71 67
2131 66 72 67 60
2132 66 72 60 54
2133 66 72 54 48
2134 66 72 48 42
2135 66 72 42 36
2136 66 72 36 30
2137 66 72 30 24
2138 66 72 24 18
2139 66 72 18 12
2140 12 50 14 48
2141 12 50 48 16
2142 12 50 16 46
2143 12 50 46 18
2144 12 50 18 44
2145 12 50 44 20
2146 12 50 20 42
2147 12 50 42 22
2148 12 50 22 40
2149 12 50 40 24
2150 12 52 15 49
2151 12 52 49 18
2152 12 52 18 46
2153 12 52 46 21
2154 12 52 21 43
2155 12 52 43 24
2156 12 52 24 40
2157 12 52 40 27
2158 12 52 27 37
2159 12 52 37 30
2160 12 54 15 51
2161 12 54 51 18
2162 12 54 18 48
2163 12 54 48 21
2164 12 54 21 45
2165 12 54 45 24
2166 12 54 24 42
2167 12 54 42 27
2168 12 54 27 39
2169 12 54 39 30
2170 12 56 15 53
2171 12 56 53 18
2172 12 56 18 50
2173 12 56 50 21
2174 12 56 21 47
2175 12 56 47 24
2176 12 56 24 44
2177 12 56 44 27
2178 12 56 27 41
2179 12 56 41 30
2180 12 58 15 55
2181 12 58 55 18
2182 12 58 18 52
2183 12 58 52 21
2184 12 58 21 49
2185 12 58 49 24
2186 12 58 24 46
2187 12 58 46 27
2188 12 58 27 43
2189 12 58 43 30
2190 12 60 15 57
2191 12 60 57 18
2192 12 60 18 54
2193 12 60 54 21
2194 12 60 21 51
2195 12 60 51 24
2196 12 60 24 48
2197 12 60 48 27
2198 12 60 27 45
2199 12 60 45 30
2200 12 62 15 59
2201 12 62 59 18
2202 12 62 18 56
2203 12 62 56 21
2204 12 62 21 53
2205 12 62 53 24
2206 12 62 24 50
2207 12 62 50 27
2208 12 62 27 47
2209 12 62 47 30
2210 12 64 15 61
2211 12 64 61 18
2212 12 64 18 58
2213 12 64 58 21
2214 12 64 21 55
2215 12 64 55 24
2216 12 64 24 52
2217 12 64 52 27
2218 12 64 27 49
2219 12 64 49 30
2220 12 66 15 63
2221 12 66 63 18
2222 12 66 18 60
2223 12 66 60 21
2224 12 66 21 57
2225 12 66 57 24
2226 12 66 24 54
2227 12 66 54 27
2228 12 66 27 51
2229 12 66 51 30
2230 12 68 16 64
2231 12 68 64 20
2232 12 68 20 60
2233 12 68 60 24
2234 12 68 24 56
2235 12 68 56 28
2236 12 68 28 52
2237 12 68 52 32
2238 12 68 32 48
2239 12 68 48 36
2240 12 70 16 66
2241 12 70 66 20
2242 12 70 20 62
2243 12 70 62 24
2244 12 70 24 58
2245 12 70 58 28
2246 12 70 28 54
2247 12 70 54 32
2248 12 70 32 50
2249 12 70 50 36
2250 12 72 16 68
2251 12 72 68 20
2252 12 72 20 64
2253 12 72 64 24
2254 12 72 24 60
2255 12 72 60 28
2256 12 72 28 56
2257 12 72 56 32
2258 12 72 32 52
2259 12 72 52 36
2260 35 37 39 41
2261 35 37 41 43
2262 35 37 43 45
2263 35 37 45 47
2264 35 37 47 49
2265 35 37 49 51
2266 35 37 51 53
2267 35 37 53 55
2268 35 37 55 57
2269 35 37 57 59
2270 40 43 41 42
2271 40 43 42 46
2272 40 43 46 49
2273 40 43 49 52
2274 40 43 52 55
2275 40 43 55 58
2276 40 43 58 61
2277 40 43 61 64
2278 40 43 64 67
2279 40 43 67 70
2280 13 17 14 16
2281 13 17 16 21
2282 13 17 21 25
2283 13 17 25 29
2284 13 17 29 33
2285 13 17 33 37
2286 13 17 37 41
2287 13 17 41 45
2288 13 17 45 49
2289 13 17 49 53
2290 49 53 52 50
2291 49 53 50 45
2292 49 53 45 41
2293 49 53 41 37
2294 49 53 37 33
2295 49 53 33 29
2296 49 53 29 25
2297 49 53 25 21
2298 49 53 21 17
2299 49 53 17 13
2300 13 18 14 17
2301 13 18 17 23
2302 13 18 23 28
2303 13 18 28 33
2304 13 18 33 38
2305 13 18 38 43
2306 13 18 43 48
2307 13 18 48 53
2308 13 18 53 58
2309 13 18 58 63
2310 58 63 62 59
2311 58 63 59 53
2312 58 63 53 48
2313 58 63 48 43
2314 58 63 43 38
2315 58 63 38 33
2316 58 63 33 28
2317 58 63 28 23
2318 58 63 23 18
2319 58 63 18 13
2320 13 49 15 47
2321 13 49 47 17
2322 13 49 17 45
2323 13 49 45 19
2324 13 49 19 43
2325 13 49 43 21
2326 13 49 21 41
2327 13 49 41 23
2328 13 49 23 39
2329 13 49 39 25
2330 13 51 15 49
2331 13 51 49 17
2332 13 51 17 47
2333 13 51 47 19
2334 13 51 19 45
2335 13 51 45 21
2336 13 51 21 43
2337 13 51 43 23
2338 13 51 23 41
2339 13 51 41 25
2340 13 53 16 50
2341 13 53 50 19
2342 13 53 19 47
2343 13 53 47 22
2344 13 53 22 44
2345 13 53 44 25
2346 13 53 25 41
2347 13 53 41 28
2348 13 53 28 38
2349 13 53 38 31
2350 13 55 16 52
2351 13 55 52 19
2352 13 55 19 49
2353 13 55 49 22
2354 13 55 22 46
2355 13 55 46 25
2356 13 55 25 43
2357 13 55 43 28
2358 13 55 28 40
2359 13 55 40 31
2360 13 57 16 54
2361 13 57 54 19
2362 13 57 19 51
2363 13 57 51 22
2364 13 57 22 48
2365 13 57 48 25
2366 13 57 25 45
2367 13 57 45 28
2368 13 57 28 42
2369 13 57 42 31
2370 13 59 16 56
2371 13 59 56 19
2372 13 59 19 53
2373 13 59 53 22
2374 13 59 22 50
2375 13 59 50 25
2376 13 59 25 47
2377 13 59 47 28
2378 13 59 28 44
2379 13 59 44 31
2380 13 61 16 58
2381 13 61 58 19
2382 13 61 19 55
2383 13 61 55 22
2384 13 61 22 52
2385 13 61 52 25
2386 13 61 25 49
2387 13 61 49 28
2388 13 61 28 46
2389 13 61 46 31
2390 13 63 16 60
2391 13 63 60 19
2392 13 63 19 57
2393 13 63 57 22
2394 13 63 22 54
2395 13 63 54 25
2396 13 63 25 51
2397 13 63 51 28
2398 13 63 28 48
2399 13 63 48 31
2400 13 65 16 62
2401 13 65 62 19
2402 13 65 19 59
2403 13 65 59 22
2404 13 65 22 56
2405 13 65 56 25
2406 13 65 25 53
2407 13 65 53 28
2408 13 65 28 50
2409 13 65 50 31
2410 13 67 16 64
2411 13 67 64 19
2412 13 67 19 61
2413 13 67 61 22
2414 13 67 22 58
2415 13 67 58 25
2416 13 67 25 55
2417 13 67 55 28
2418 13 67 28 52
2419 13 67 52 31
2420 13 69 17 65
2421 13 69 65 21
2422 13 69 21 61
2423 13 69 61 25
2424 13 69 25 57
2425 13 69 57 29
2426 13 69 29 53
2427 13 69 53 33
2428 13 69 33 49
2429 13 69 49 37
2430 13 71 17 67
2431 13 71 67 21
2432 13 71 21 63
2433 13 71 63 25
2434 13 71 25 59
2435 13 71 59 29
2436 13 71 29 55
2437 13 71 55 33
2438 13 71 33 51
2439 13 71 51 37
2440 36 38 40 42
2441 36 38 42 44
2442 36 38 44 46
2443 36 38 46 48
2444 36 38 48 50
2445 36 38 50 52
2446 36 38 52 54
2447 36 38 54 56
2448 36 38 56 58
2449 36 38 58 60
2450 41 44 42 43
2451 41 44 43 47
2452 41 44 47 50
2453 41 44 50 53
2454 41 44 53 56
2455 41 44 56 59
2456 41 44 59 62
2457 41 44 62 65
2458 41 44 65 68
2459 41 44 68 71
2460 14 18 15 17
2461 14 18 17 22
2462 14 18 22 26
2463 14 18 26 30
2464 14 18 30 34
2465 14 18 34 38
2466 14 18 38 42
2467 14 18 42 46
2468 14 18 46 50
2469 14 18 50 54
2470 50 54 53 51
2471 50 54 51 46
2472 50 54 46 42
2473 50 54 42 38
2474 50 54 38 34
2475 50 54 34 30
2476 50 54 30 26
2477 50 54 26 22
2478 50 54 22 18
2479 50 54 18 14
2480 14 19 15 18
2481 14 19 18 24
2482 14 19 24 29
2483 14 19 29 34
2484 14 19 34 39
2485 14 19 39 44
2486 14 19 44 49
2487 14 19 49 54
2488 14 19 54 59
2489 14 19 59 64
2490 59 64 63 60
2491 59 64 60 54
2492 59 64 54 49
2493 59 64 49 44
2494 59 64 44 39
2495 59 64 39 34
2496 59 64 34 29
2497 59 64 29 24
2498 59 64 24 19
2499 59 64 19 14
2500 14 50 16 48
2501 14 50 48 18
2502 14 50 18 46
2503 14 50 46 20
2504 14 50 20 44
2505 14 50 44 22
2506 14 50 22 42
2507 14 50 42 24
2508 14 50 24 40
2509 14 50 40 26
2510 14 52 16 50
2511 14 52 50 18
2512 14 52 18 48
2513 14 52 48 20
2514 14 52 20 46
2515 14 52 46 22
2516 14 52 22 44
2517 14 52 44 24
2518 14 52 24 42
2519 14 52 42 26
2520 14 54 17 51
2521 14 54 51 20
2522 14 54 20 48
2523 14 54 48 23
2524 14 54 23 45
2525 14 54 45 26
2526 14 54 26 42
2527 14 54 42 29
2528 14 54 29 39
2529 14 54 39 32
2530 14 56 17 53
2531 14 56 53 20
2532 14 56 20 50
2533 14 56 50 23
2534 14 56 23 47
2535 14 56 47 26
2536 14 56 26 44
2537 14 56 44 29
2538 14 56 29 41
2539 14 56 41 32
2540 14 58 17 55
2541 14 58 55 20
2542 14 58 20 52
2543 14 58 52 23
2544 14 58 23 49
2545 14 58 49 26
2546 14 58 26 46
2547 14 58 46 29
2548 14 58 29 43
2549 14 58 43 32
2550 14 60 17 57
2551 14 60 57 20
2552 14 60 20 54
2553 14 60 54 23
2554 14 60 23 51
2555 14 60 51 26
2556 14 60 26 48
2557 14 60 48 29
2558 14 60 29 45
2559 14 60 45 32
2560 14 62 17 59
2561 14 62 59 20
2562 14 62 20 56
2563 14 62 56 23
2564 14 62 23 53
2565 14 62 53 26
2566 14 62 26 50
2567 14 62 50 29
2568 14 62 29 47
2569 14 62 47 32
2570 14 64 17 61
2571 14 64 61 20
2572 14 64 20 58
2573 14 64 58 23
2574 14 64 23 55
2575 14 64 55 26
2576 14 64 26 52
2577 14 64 52 29
2578 14 64 29 49
2579 14 64 49 32
2580 14 66 17 63
2581 14 66 63 20
2582 14 66 20 60
2583 14 66 60 23
2584 14 66 23 57
2585 14 66 57 26
2586 14 66 26 54
2587 14 66 54 29
2588 14 66 29 51
2589 14 66 51 32
2590 14 68 17 65
2591 14 68 65 20
2592 14 68 20 62
2593 14 68 62 23
2594 14 68 23 59
2595 14 68 59 26
2596 14 68 26 56
2597 14 68 56 29
2598 14 68 29 53
2599 14 68 53 32
2600 14 70 18 66
2601 14 70 66 22
2602 14 70 22 62
2603 14 70 62 26
2604 14 70 26 58
2605 14 70 58 30
2606 14 70 30 54
2607 14 70 54 34
2608 14 70 34 50
2609 14 70 50 38
2610 14 72 18 68
2611 14 72 68 22
2612 14 72 22 64
2613 14 72 64 26
2614 14 72 26 60
2615 14 72 60 30
2616 14 72 30 56
2617 14 72 56 34
2618 14 72 34 52
2619 14 72 52 38
2620 37 39 41 43
2621 37 39 43 45
2622 37 39 45 47
2623 37 39 47 49
2624 37 39 49 51
2625 37 39 51 53
2626 37 39 53 55
2627 37 39 55 57
2628 37 39 57 59
2629 37 39 59 61
2630 42 45 43 44
2631 42 45 44 48
2632 42 45 48 51
2633 42 45 51 54
2634 42 45 54 57
2635 42 45 57 60
2636 42 45 60 63
2637 42 45 63 66
2638 42 45 66 69
2639 42 45 69 72
2640 15 19 16 18
2641 15 19 18 23
2642 15 19 23 27
2643 15 19 27 31
2644 15 19 31 35
2645 15 19 35 39
2646 15 19 39 43
2647 15 19 43 47
2648 15 19 47 51
2649 15 19 51 55
2650 51 55 54 52
2651 51 55 52 47
2652 51 55 47 43
2653 51 55 43 39
2654 51 55 39 35
2655 51 55 35 31
2656 51 55 31 27
2657 51 55 27 23
2658 51 55 23 19
2659 51 55 19 15
2660 15 20 16 19
2661 15 20 19 25
2662 15 20 25 30
2663 15 20 30 35
2664 15 20 35 40
2665 15 20 40 45
2666 15 20 45 50
2667 15 20 50 55
2668 15 20 55 60
2669 15 20 60 65
2670 60 65 64 61
2671 60 65 61 55
2672 60 65 55 50
2673 60 65 50 45
2674 60 65 45 40
2675 60 65 40 35
2676 60 65 35 30
2677 60 65 30 25
2678 60 65 25 20
2679 60 65 20 15
2680 15 51 17 49
2681 15 51 49 19
2682 15 51 19 47
2683 15 51 47 21
2684 15 51 21 45
2685 15 51 45 23
2686 15 51 23 43
2687 15 51 43 25
2688 15 51 25 41
2689 15 51 41 27
2690 15 53 17 51
2691 15 53 51 19
2692 15 53 19 49
2693 15 53 49 21
2694 15 53 21 47
2695 15 53 47 23
2696 15 53 23 45
2697 15 53 45 25
2698 15 53 25 43
2699 15 53 43 27
2700 15 55 18 52
2701 15 55 52 21
2702 15 55 21 49
2703 15 55 49 24
2704 15 55 24 46
2705 15 55 46 27
2706 15 55 27 43
2707 15 55 43 30
2708 15 55 30 40
2709 15 55 40 33
2710 15 57 18 54
2711 15 57 54 21
2712 15 57 21 51
2713 15 57 51 24
2714 15 57 24 48
2715 15 57 48 27
2716 15 57 27 45
2717 15 57 45 30
2718 15 57 30 42
2719 15 57 42 33
2720 15 59 18 56
2721 15 59 56 21
2722 15 59 21 53
2723 15 59 53 24
2724 15 59 24 50
2725 15 59 50 27
2726 15 59 27 47
2727 15 59 47 30
2728 15 59 30 44
2729 15 59 44 33
2730 15 61 18 58
2731 15 61 58 21
2732 15 61 21 55
2733 15 61 55 24
2734 15 61 24 52
2735 15 61 52 27
2736 15 61 27 49
2737 15 61 49 30
2738 15 61 30 46
2739 15 61 46 33
2740 15 63 18 60
2741 15 63 60 21
2742 15 63 21 57
2743 15 63 57 24
2744 15 63 24 54
2745 15 63 54 27
2746 15 63 27 51
2747 15 63 51 30
2748 15 63 30 48
2749 15 63 48 33
2750 15 65 18 62
2751 15 65 62 21
2752 15 65 21 59
2753 15 65 59 24
2754 15 65 24 56
2755 15 65 56 27
2756 15 65 27 53
2757 15 65 53 30
2758 15 65 30 50
2759 15 65 50 33
2760 15 67 18 64
2761 15 67 64 21
2762 15 67 21 61
2763 15 67 61 24
2764 15 67 24 58
2765 15 67 58 27
2766 15 67 27 55
2767 15 67 55 30
2768 15 67 30 52
2769 15 67 52 33
2770 15 69 18 66
2771 15 69 66 21
2772 15 69 21 63
2773 15 69 63 24
2774 15 69 24 60
2775 15 69 60 27
2776 15 69 27 57
2777 15 69 57 30
2778 15 69 30 54
2779 15 69 54 33
2780 15 71 19 67
2781 15 71 67 23
2782 15 71 23 63
2783 15 71 63 27
2784 15 71 27 59
2785 15 71 59 31
2786 15 71 31 55
2787 15 71 55 35
2788 15 71 35 51
2789 15 71 51 39
2790 38 40 42 44
2791 38 40 44 46
2792 38 40 46 48
2793 38 40 48 50
2794 38 40 50 52
2795 38 40 52 54
2796 38 40 54 56
2797 38 40 56 58
2798 38 40 58 60
2799 38 40 60 62
2800 16 20 17 19
2801 16 20 19 24
2802 16 20 24 28
2803 16 20 28 32
2804 16 20 32 36
2805 16 20 36 40
2806 16 20 40 44
2807 16 20 44 48
2808 16 20 48 52
2809 16 20 52 56
2810 52 56 55 53
2811 52 56 53 48
2812 52 56 48 44
2813 52 56 44 40
2814 52 56 40 36
2815 52 56 36 32
2816 52 56 32 28
2817 52 56 28 24
2818 52 56 24 20
2819 52 56 20 16
2820 16 21 17 20
2821 16 21 20 26
2822 16 21 26 31
2823 16 21 31 36
2824 16 21 36 41
2825 16 21 41 46
2826 16 21 46 51
2827 16 21 51 56
2828 16 21 56 61
2829 16 21 61 66
2830 61 66 65 62
2831 61 66 62 56
2832 61 66 56 51
2833 61 66 51 46
2834 61 66 46 41
2835 61 66 41 36
2836 61 66 36 31
2837 61 66 31 26
2838 61 66 26 21
2839 61 66 21 16
2840 16 52 18 50
2841 16 52 50 20
2842 16 52 20 48
2843 16 52 48 22
2844 16 52 22 46
2845 16 52 46 24
2846 16 52 24 44
2847 16 52 44 26
2848 16 52 26 42
2849 16 52 42 28
2850 16 54 18 52
2851 16 54 52 20
2852 16 54 20 50
2853 16 54 50 22
2854 16 54 22 48
2855 16 54 48 24
2856 16 54 24 46
2857 16 54 46 26
2858 16 54 26 44
2859 16 54 44 28
2860 16 56 19 53
2861 16 56 53 22
2862 16 56 22 50
2863 16 56 50 25
2864 16 56 25 47
2865 16 56 47 28
2866 16 56 28 44
2867 16 56 44 31
2868 16 56 31 41
2869 16 56 41 34
2870 16 58 19 55
2871 16 58 55 22
2872 16 58 22 52
2873 16 58 52 25
2874 16 58 25 49
2875 16 58 49 28
2876 16 58 28 46
2877 16 58 46 31
2878 16 58 31 43
2879 16 58 43 34
2880 16 60 19 57
2881 16 60 57 22
2882 16 60 22 54
2883 16 60 54 25
2884 16 60 25 51
2885 16 60 51 28
2886 16 60 28 48
2887 16 60 48 31
2888 16 60 31 45
2889 16 60 45 34
2890 16 62 19 59
2891 16 62 59 22
2892 16 62 22 56
2893 16 62 56 25
2894 16 62 25 53
2895 16 62 53 28
2896 16 62 28 50
2897 16 62 50 31
2898 16 62 31 47
2899 16 62 47 34
2900 16 64 19 61
2901 16 64 61 22
2902 16 64 22 58
2903 16 64 58 25
2904 16 64 25 55
2905 16 64 55 28
2906 16 64 28 52
2907 16 64 52 31
2908 16 64 31 49
2909 16 64 49 34
2910 16 66 19 63
2911 16 66 63 22
2912 16 66 22 60
2913 16 66 60 25
2914 16 66 25 57
2915 16 66 57 28
2916 16 66 28 54
2917 16 66 54 31
2918 16 66 31 51
2919 16 66 51 34
2920 16 68 19 65
2921 16 68 65 22
2922 16 68 22 62
2923 16 68 62 25
2924 16 68 25 59
2925 16 68 59 28
2926 16 68 28 56
2927 16 68 56 31
2928 16 68 31 53
2929 16 68 53 34
2930 16 70 19 67
2931 16 70 67 22
2932 16 70 22 64
2933 16 70 64 25
2934 16 70 25 61
2935 16 70 61 28
2936 16 70 28 58
2937 16 70 58 31
2938 16 70 31 55
2939 16 70 55 34
2940 16 72 20 68
2941 16 72 68 24
2942 16 72 24 64
2943 16 72 64 28
2944 16 72 28 60
2945 16 72 60 32
2946 16 72 32 56
2947 16 72 56 36
2948 16 72 36 52
2949 16 72 52 40
2950 39 41 43 45
2951 39 41 45 47
2952 39 41 47 49
2953 39 41 49 51
2954 39 41 51 53
2955 39 41 53 55
2956 39 41 55 57
2957 39 41 57 59
2958 39 41 59 61
2959 39 41 61 63
2960 17 21 18 20
2961 17 21 20 25
2962 17 21 25 29
2963 17 21 29 33
2964 17 21 33 37
2965 17 21 37 41
2966 17 21 41 45
2967 17 21 45 49
2968 17 21 49 53
2969 17 21 53 57
2970 53 57 56 54
2971 53 57 54 49
2972 53 57 49 45
2973 53 57 45 41
2974 53 57 41 37
2975 53 57 37 33
2976 53 57 33 29
2977 53 57 29 25
2978 53 57 25 21
2979 53 57 21 17
2980 17 22 18 21
2981 17 22 21 27
2982 17 22 27 32
2983 17 22 32 37
2984 17 22 37 42
2985 17 22 42 47
2986 17 22 47 52
2987 17 22 52 57
2988 17 22 57 62
2989 17 22 62 67
2990 62 67 66 63
2991 62 67 63 57
2992 62 67 57 52
2993 62 67 52 47
2994 62 67 47 42
2995 62 67 42 37
2996 62 67 37 32
2997 62 67 32 27
2998 62 67 27 22
2999 62 67 22 17
3000 17 53 19 51
3001 17 53 51 21
3002 17 53 21 49
3003 17 53 49 23
3004 17 53 23 47
3005 17 53 47 25
3006 17 53 25 45
3007 17 53 45 27
3008 17 53 27 43
3009 17 53 43 29
3010 17 55 19 53
3011 17 55 53 21
3012 17 55 21 51
3013 17 55 51 23
3014 17 55 23 49
3015 17 55 49 25
3016 17 55 25 47
3017 17 55 47 27
3018 17 55 27 45
3019 17 55 45 29
3020 17 57 20 54
3021 17 57 54 23
3022 17 57 23 51
3023 17 57 51 26
3024 17 57 26 48
3025 17 57 48 29
3026 17 57 29 45
3027 17 57 45 32
3028 17 57 32 42
3029 17 57 42 35
3030 17 59 20 56
3031 17 59 56 23
3032 17 59 23 53
3033 17 59 53 26
3034 17 59 26 50
3035 17 59 50 29
3036 17 59 29 47
3037 17 59 47 32
3038 17 59 32 44
3039 17 59 44 35
3040 17 61 20 58
3041 17 61 58 23
3042 17 61 23 55
3043 17 61 55 26
3044 17 61 26 52
3045 17 61 52 29
3046 17 61 29 49
3047 17 61 49 32
3048 17 61 32 46
3049 17 61 46 35
3050 17 63 20 60
3051 17 63 60 23
3052 17 63 23 57
3053 17 63 57 26
3054 17 63 26 54
3055 17 63 54 29
3056 17 63 29 51
3057 17 63 51 32
3058 17 63 32 48
3059 17 63 48 35
3060 17 65 20 62
3061 17 65 62 23
3062 17 65 23 59
3063 17 65 59 26
3064 17 65 26 56
3065 17 65 56 29
3066 17 65 29 53
3067 17 65 53 32
3068 17 65 32 50
3069 17 65 50 35
3070 17 67 20 64
3071 17 67 64 23
3072 17 67 23 61
3073 17 67 61 26
3074 17 67 26 58
3075 17 67 58 29
3076 17 67 29 55
3077 17 67 55 32
3078 17 67 32 52
3079 17 67 52 35
3080 17 69 20 66
3081 17 69 66 23
3082 17 69 23 63
3083 17 69 63 26
3084 17 69 26 60
3085 17 69 60 29
3086 17 69 29 57
3087 17 69 57 32
3088 17 69 32 54
3089 17 69 54 35
3090 17 71 20 68
3091 17 71 68 23
3092 17 71 23 65
3093 17 71 65 26
3094 17 71 26 62
3095 17 71 62 29
3096 17 71 29 59
3097 17 71 59 32
3098 17 71 32 56
3099 17 71 56 35
3100 40 42 44 46
3101 40 42 46 48
3102 40 42 48 50
3103 40 42 50 52
3104 40 42 52 54
3105 40 42 54 56
3106 40 42 56 58
3107 40 42 58 60
3108 40 42 60 62
3109 40 42 62 64
3110 18 22 19 21
3111 18 22 21 26
3112 18 22 26 30
3113 18 22 30 34
3114 18 22 34 38
3115 18 22 38 42
3116 18 22 42 46
3117 18 22 46 50
3118 18 22 50 54
3119 18 22 54 58
3120 54 58 57 55
3121 54 58 55 50
3122 54 58 50 46
3123 54 58 46 42
3124 54 58 42 38
3125 54 58 38 34
3126 54 58 34 30
3127 54 58 30 26
3128 54 58 26 22
3129 54 58 22 18
3130 18 23 19 22
3131 18 23 22 28
3132 18 23 28 33
3133 18 23 33 38
3134 18 23 38 43
3135 18 23 43 48
3136 18 23 48 53
3137 18 23 53 58
3138 18 23 58 63
3139 18 23 63 68
3140 63 68 67 64
3141 63 68 64 58
3142 63 68 58 53
3143 63 68 53 48
3144 63 68 48 43
3145 63 68 43 38
3146 63 68 38 33
3147 63 68 33 28
3148 63 68 28 23
3149 63 68 23 18
3150 18 54 20 52
3151 18 54 52 22
3152 18 54 22 50
3153 18 54 50 24
3154 18 54 24 48
3155 18 54 48 26
3156 18 54 26 46
3157 18 54 46 28
3158 18 54 28 44
3159 18 54 44 30
3160 18 56 20 54
3161 18 56 54 22
3162 18 56 22 52
3163 18 56 52 24
3164 18 56 24 50
3165 18 56 50 26
3166 18 56 26 48
3167 18 56 48 28
3168 18 56 28 46
3169 18 56 46 30
3170 18 58 21 55
3171 18 58 55 24
3172 18 58 24 52
3173 18 58 52 27
3174 18 58 27 49
3175 18 58 49 30
3176 18 58 30 46
3177 18 58 46 33
3178 18 58 33 43
3179 18 58 43 36
3180 18 60 21 57
3181 18 60 57 24
3182 18 60 24 54
3183 18 60 54 27
3184 18 60 27 51
3185 18 60 51 30
3186 18 60 30 48
3187 18 60 48 33
3188 18 60 33 45
3189 18 60 45 36
3190 18 62 21 59
3191 18 62 59 24
3192 18 62 24 56
3193 18 62 56 27
3194 18 62 27 53
3195 18 62 53 30
3196 18 62 30 50
3197 18 62 50 33
3198 18 62 33 47
3199 18 62 47 36
3200 18 64 21 61
3201 18 64 61 24
3202 18 64 24 58
3203 18 64 58 27
3204 18 64 27 55
3205 18 64 55 30
3206 18 64 30 52
3207 18 64 52 33
3208 18 64 33 49
3209 18 64 49 36
3210 18 66 21 63
3211 18 66 63 24
3212 18 66 24 60
3213 18 66 60 27
3214 18 66 27 57
3215 18 66 57 30
3216 18 66 30 54
3217 18 66 54 33
3218 18 66 33 51
3219 18 66 51 36
3220 18 68 21 65
3221 18 68 65 24
3222 18 68 24 62
3223 18 68 62 27
3224 18 68 27 59
3225 18 68 59 30
3226 18 68 30 56
3227 18 68 56 33
3228 18 68 33 53
3229 18 68 53 36
3230 18 70 21 67
3231 18 70 67 24
3232 18 70 24 64
3233 18 70 64 27
3234 18 70 27 61
3235 18 70 61 30
3236 18 70 30 58
3237 18 70 58 33
3238 18 70 33 55
3239 18 70 55 36
3240 18 72 21 69
3241 18 72 69 24
3242 18 72 24 66
3243 18 72 66 27
3244 18 72 27 63
3245 18 72 63 30
3246 18 72 30 60
3247 18 72 60 33
3248 18 72 33 57
3249 18 72 57 36
3250 41 43 45 47
3251 41 43 47 49
3252 41 43 49 51
3253 41 43 51 53
3254 41 43 53 55
3255 41 43 55 57
3256 41 43 57 59
3257 41 43 59 61
3258 41 43 61 63
3259 41 43 63 65
3260 19 22 20 21
3261 19 22 21 25
3262 19 22 25 28
3263 19 22 28 31
3264 19 22 31 34
3265 19 22 34 37
3266 19 22 37 40
3267 19 22 40 43
3268 19 22 43 46
3269 19 22 46 49
3270 46 49 48 47
3271 46 49 47 43
3272 46 49 43 40
3273 46 49 40 37
3274 46 49 37 34
3275 46 49 34 31
3276 46 49 31 28
3277 46 49 28 25
3278 46 49 25 22
3279 46 49 22 19
3280 19 23 20 22
3281 19 23 22 27
3282 19 23 27 31
3283 19 23 31 35
3284 19 23 35 39
3285 19 23 39 43
3286 19 23 43 47
3287 19 23 47 51
3288 19 23 51 55
3289 19 23 55 59
3290 55 59 58 56
3291 55 59 56 51
3292 55 59 51 47
3293 55 59 47 43
3294 55 59 43 39
3295 55 59 39 35
3296 55 59 35 31
3297 55 59 31 27
3298 55 59 27 23
3299 55 59 23 19
3300 19 24 20 23
3301 19 24 23 29
3302 19 24 29 34
3303 19 24 34 39
3304 19 24 39 44
3305 19 24 44 49
3306 19 24 49 54
3307 19 24 54 59
3308 19 24 59 64
3309 19 24 64 69
3310 64 69 68 65
3311 64 69 65 59
3312 64 69 59 54
3313 64 69 54 49
3314 64 69 49 44
3315 64 69 44 39
3316 64 69 39 34
3317 64 69 34 29
3318 64 69 29 24
3319 64 69 24 19
3320 19 55 21 53
3321 19 55 53 23
3322 19 55 23 51
3323 19 55 51 25
3324 19 55 25 49
3325 19 55 49 27
3326 19 55 27 47
3327 19 55 47 29
3328 19 55 29 45
3329 19 55 45 31
3330 19 57 21 55
3331 19 57 55 23
3332 19 57 23 53
3333 19 57 53 25
3334 19 57 25 51
3335 19 57 51 27
3336 19 57 27 49
3337 19 57 49 29
3338 19 57 29 47
3339 19 57 47 31
3340 19 59 22 56
3341 19 59 56 25
3342 19 59 25 53
3343 19 59 53 28
3344 19 59 28 50
3345 19 59 50 31
3346 19 59 31 47
3347 19 59 47 34
3348 19 59 34 44
3349 19 59 44 37
3350 19 61 22 58
3351 19 61 58 25
3352 19 61 25 55
3353 19 61 55 28
3354 19 61 28 52
3355 19 61 52 31
3356 19 61 31 49
3357 19 61 49 34
3358 19 61 34 46
3359 19 61 46 37
3360 19 63 22 60
3361 19 63 60 25
3362 19 63 25 57
3363 19 63 57 28
3364 19 63 28 54
3365 19 63 54 31
3366 19 63 31 51
3367 19 63 51 34
3368 19 63 34 48
3369 19 63 48 37
3370 19 65 22 62
3371 19 65 62 25
3372 19 65 25 59
3373 19 65 59 28
3374 19 65 28 56
3375 19 65 56 31
3376 19 65 31 53
3377 19 65 53 34
3378 19 65 34 50
3379 19 65 50 37
3380 19 67 22 64
3381 19 67 64 25
3382 19 67 25 61
3383 19 67 61 28
3384 19 67 28 58
3385 19 67 58 31
3386 19 67 31 55
3387 19 67 55 34
3388 19 67 34 52
3389 19 67 52 37
3390 19 69 22 66
3391 19 69 66 25
3392 19 69 25 63
3393 19 69 63 28
3394 19 69 28 60
3395 19 69 60 31
3396 19 69 31 57
3397 19 69 57 34
3398 19 69 34 54
3399 19 69 54 37
3400 19 71 22 68
3401 19 71 68 25
3402 19 71 25 65
3403 19 71 65 28
3404 19 71 28 62
3405 19 71 62 31
3406 19 71 31 59
3407 19 71 59 34
3408 19 71 34 56
3409 19 71 56 37
3410 42 44 46 48
3411 42 44 48 50
3412 42 44 50 52
3413 42 44 52 54
3414 42 44 54 56
3415 42 44 56 58
3416 42 44 58 60
3417 42 44 60 62
3418 42 44 62 64
3419 42 44 64 66
3420 20 23 21 22
3421 20 23 22 26
3422 20 23 26 29
3423 20 23 29 32
3424 20 23 32 35
3425 20 23 35 38
3426 20 23 38 41
3427 20 23 41 44
3428 20 23 44 47
3429 20 23 47 50
3430 47 50 49 48
3431 47 50 48 44
3432 47 50 44 41
3433 47 50 41 38
3434 47 50 38 35
3435 47 50 35 32
3436 47 50 32 29
3437 47 50 29 26
3438 47 50 26 23
3439 47 50 23 20
3440 20 24 21 23
3441 20 24 23 28
3442 20 24 28 32
3443 20 24 32 36
3444 20 24 36 40
3445 20 24 40 44
3446 20 24 44 48
3447 20 24 48 52
3448 20 24 52 56
3449 20 24 56 60
3450 56 60 59 57
3451 56 60 57 52
3452 56 60 52 48
3453 56 60 48 44
3454 56 60 44 40
3455 56 60 40 36
3456 56 60 36 32
3457 56 60 32 28
3458 56 60 28 24
3459 56 60 24 20
3460 20 25 21 24
3461 20 25 24 30
3462 20 25 30 35
3463 20 25 35 40
3464 20 25 40 45
3465 20 25 45 50
3466 20 25 50 55
3467 20 25 55 60
3468 20 25 60 65
3469 20 25 65 70
3470 65 70 69 66
3471 65 70 66 60
3472 65 70 60 55
3473 65 70 55 50
3474 65 70 50 45
3475 65 70 45 40
3476 65 70 40 35
3477 65 70 35 30
3478 65 70 30 25
3479 65 70 25 20
3480 20 56 22 54
3481 20 56 54 24
3482 20 56 24 52
3483 20 56 52 26
3484 20 56 26 50
3485 20 56 50 28
3486 20 56 28 48
3487 20 56 48 30
3488 20 56 30 46
3489 20 56 46 32
3490 20 58 22 56
3491 20 58 56 24
3492 20 58 24 54
3493 20 58 54 26
3494 20 58 26 52
3495 20 58 52 28
3496 20 58 28 50
3497 20 58 50 30
3498 20 58 30 48
3499 20 58 48 32
3500 20 60 23 57
3501 20 60 57 26
3502 20 60 26 54
3503 20 60 54 29
3504 20 60 29 51
3505 20 60 51 32
3506 20 60 32 48
3507 20 60 48 35
3508 20 60 35 45
3509 20 60 45 38
3510 20 62 23 59
3511 20 62 59 26
3512 20 62 26 56
3513 20 62 56 29
3514 20 62 29 53
3515 20 62 53 32
3516 20 62 32 50
3517 20 62 50 35
3518 20 62 35 47
3519 20 62 47 38
3520 20 64 23 61
3521 20 64 61 26
3522 20 64 26 58
3523 20 64 58 29
3524 20 64 29 55
3525 20 64 55 32
3526 20 64 32 52
3527 20 64 52 35
3528 20 64 35 49
3529 20 64 49 38
3530 20 66 23 63
3531 20 66 63 26
3532 20 66 26 60
3533 20 66 60 29
3534 20 66 29 57
3535 20 66 57 32
3536 20 66 32 54
3537 20 66 54 35
3538 20 66 35 51
3539 20 66 51 38
3540 20 68 23 65
3541 20 68 65 26
3542 20 68 26 62
3543 20 68 62 29
3544 20 68 29 59
3545 20 68 59 32
3546 20 68 32 56
3547 20 68 56 35
3548 20 68 35 53
3549 20 68 53 38
3550 20 70 23 67
3551 20 70 67 26
3552 20 70 26 64
3553 20 70 64 29
3554 20 70 29 61
3555 20 70 61 32
3556 20 70 32 58
3557 20 70 58 35
3558 20 70 35 55
3559 20 70 55 38
3560 20 72 23 69
3561 20 72 69 26
3562 20 72 26 66
3563 20 72 66 29
3564 20 72 29 63
3565 20 72 63 32
3566 20 72 32 60
3567 20 72 60 35
3568 20 72 35 57
3569 20 72 57 38
3570 43 45 47 49
3571 43 45 49 51
3572 43 45 51 53
3573 43 45 53 55
3574 43 45 55 57
3575 43 45 57 59
3576 43 45 59 61
3577 43 45 61 63
3578 43 45 63 65
3579 43 45 65 67
3580 21 24 22 23
3581 21 24 23 27
3582 21 24 27 30
3583 21 24 30 33
3584 21 24 33 36
3585 21 24 36 39
3586 21 24 39 42
3587 21 24 42 45
3588 21 24 45 48
3589 21 24 48 51
3590 48 51 50 49
3591 48 51 49 45
3592 48 51 45 42
3593 48 51 42 39
3594 48 51 39 36
3595 48 51 36 33
3596 48 51 33 30
3597 48 51 30 27
3598 48 51 27 24
3599 48 51 24 21
3600 21 25 22 24
3601 21 25 24 29
3602 21 25 29 33
3603 21 25 33 37
3604 21 25 37 41
3605 21 25 41 45
3606 21 25 45 49
3607 21 25 49 53
3608 21 25 53 57
3609 21 25 57 61
3610 57 61 60 58
3611 57 61 58 53
3612 57 61 53 49
3613 57 61 49 45
3614 57 61 45 41
3615 57 61 41 37
3616 57 61 37 33
3617 57 61 33 29
3618 57 61 29 25
3619 57 61 25 21
3620 21 26 22 25
3621 21 26 25 31
3622 21 26 31 36
3623 21 26 36 41
3624 21 26 41 46
3625 21 26 46 51
3626 21 26 51 56
3627 21 26 56 61
3628 21 26 61 66
3629 21 26 66 71
3630 66 71 70 67
3631 66 71 67 61
3632 66 71 61 56
3633 66 71 56 51
3634 66 71 51 46
3635 66 71 46 41
3636 66 71 41 36
3637 66 71 36 31
3638 66 71 31 26
3639 66 71 26 21
3640 21 57 23 55
3641 21 57 55 25
3642 21 57 25 53
3643 21 57 53 27
3644 21 57 27 51
3645 21 57 51 29
3646 21 57 29 49
3647 21 57 49 31
3648 21 57 31 47
3649 21 57 47 33
3650 21 59 23 57
3651 21 59 57 25
3652 21 59 25 55
3653 21 59 55 27
3654 21 59 27 53
3655 21 59 53 29
3656 21 59 29 51
3657 21 59 51 31
3658 21 59 31 49
3659 21 59 49 33
3660 21 61 24 58
3661 21 61 58 27
3662 21 61 27 55
3663 21 61 55 30
3664 21 61 30 52
3665 21 61 52 33
3666 21 61 33 49
3667 21 61 49 36
3668 21 61 36 46
3669 21 61 46 39
3670 21 63 24 60
3671 21 63 60 27
3672 21 63 27 57
3673 21 63 57 30
3674 21 63 30 54
3675 21 63 54 33
3676 21 63 33 51
3677 21 63 51 36
3678 21 63 36 48
3679 21 63 48 39
3680 21 65 24 62
3681 21 65 62 27
3682 21 65 27 59
3683 21 65 59 30
3684 21 65 30 56
3685 21 65 56 33
3686 21 65 33 53
3687 21 65 53 36
3688 21 65 36 50
3689 21 65 50 39
3690 21 67 24 64
3691 21 67 64 27
3692 21 67 27 61
3693 21 67 61 30
3694 21 67 30 58
3695 21 67 58 33
3696 21 67 33 55
3697 21 67 55 36
3698 21 67 36 52
3699 21 67 52 39
3700 21 69 24 66
3701 21 69 66 27
3702 21 69 27 63
3703 21 69 63 30
3704 21 69 30 60
3705 21 69 60 33
3706 21 69 33 57
3707 21 69 57 36
3708 21 69 36 54
3709 21 69 54 39
3710 21 71 24 68
3711 21 71 68 27
3712 21 71 27 65
3713 21 71 65 30
3714 21 71 30 62
3715 21 71 62 33
3716 21 71 33 59
3717 21 71 59 36
3718 21 71 36 56
3719 21 71 56 39
3720 44 46 48 50
3721 44 46 50 52
3722 44 46 52 54
3723 44 46 54 56
3724 44 46 56 58
3725 44 46 58 60
3726 44 46 60 62
3727 44 46 62 64
3728 44 46 64 66
3729 44 46 66 68
3730 22 25 23 24
3731 22 25 24 28
3732 22 25 28 31
3733 22 25 31 34
3734 22 25 34 37
3735 22 25 37 40
3736 22 25 40 43
3737 22 25 43 46
3738 22 25 46 49
3739 22 25 49 52
3740 49 52 51 50
3741 49 52 50 46
3742 49 52 46 43
3743 49 52 43 40
3744 49 52 40 37
3745 49 52 37 34
3746 49 52 34 31
3747 49 52 31 28
3748 49 52 28 25
3749 49 52 25 22
3750 22 26 23 25
3751 22 26 25 30
3752 22 26 30 34
3753 22 26 34 38
3754 22 26 38 42
3755 22 26 42 46
3756 22 26 46 50
3757 22 26 50 54
3758 22 26 54 58
3759 22 26 58 62
3760 58 62 61 59
3761 58 62 59 54
3762 58 62 54 50
3763 58 62 50 46
3764 58 62 46 42
3765 58 62 42 38
3766 58 62 38 34
3767 58 62 34 30
3768 58 62 30 26
3769 58 62 26 22
3770 22 27 23 26
3771 22 27 26 32
3772 22 27 32 37
3773 22 27 37 42
3774 22 27 42 47
3775 22 27 47 52
3776 22 27 52 57
3777 22 27 57 62
3778 22 27 62 67
3779 22 27 67 72
3780 67 72 71 68
3781 67 72 68 62
3782 67 72 62 57
3783 67 72 57 52
3784 67 72 52 47
3785 67 72 47 42
3786 67 72 42 37
3787 67 72 37 32
3788 67 72 32 27
3789 67 72 27 22
3790 22 58 24 56
3791 22 58 56 26
3792 22 58 26 54
3793 22 58 54 28
3794 22 58 28 52
3795 22 58 52 30
3796 22 58 30 50
3797 22 58 50 32
3798 22 58 32 48
3799 22 58 48 34
3800 22 60 24 58
3801 22 60 58 26
3802 22 60 26 56
3803 22 60 56 28
3804 22 60 28 54
3805 22 60 54 30
3806 22 60 30 52
3807 22 60 52 32
3808 22 60 32 50
3809 22 60 50 34
3810 22 62 25 59
3811 22 62 59 28
3812 22 62 28 56
3813 22 62 56 31
3814 22 62 31 53
3815 22 62 53 34
3816 22 62 34 50
3817 22 62 50 37
3818 22 62 37 47
3819 22 62 47 40
3820 22 64 25 61
3821 22 64 61 28
3822 22 64 28 58
3823 22 64 58 31
3824 22 64 31 55
3825 22 64 55 34
3826 22 64 34 52
3827 22 64 52 37
3828 22 64 37 49
3829 22 64 49 40
3830 22 66 25 63
3831 22 66 63 28
3832 22 66 28 60
3833 22 66 60 31
3834 22 66 31 57
3835 22 66 57 34
3836 22 66 34 54
3837 22 66 54 37
3838 22 66 37 51
3839 22 66 51 40
3840 22 68 25 65
3841 22 68 65 28
3842 22 68 28 62
3843 22 68 62 31
3844 22 68 31 59
3845 22 68 59 34
3846 22 68 34 56
3847 22 68 56 37
3848 22 68 37 53
3849 22 68 53 40
3850 22 70 25 67
3851 22 70 67 28
3852 22 70 28 64
3853 22 70 64 31
3854 22 70 31 61
3855 22 70 61 34
3856 22 70 34 58
3857 22 70 58 37
3858 22 70 37 55
3859 22 70 55 40
3860 22 72 25 69
3861 22 72 69 28
3862 22 72 28 66
3863 22 72 66 31
3864 22 72 31 63
3865 22 72 63 34
3866 22 72 34 60
3867 22 72 60 37
3868 22 72 37 57
3869 22 72 57 40
3870 45 47 49 51
3871 45 47 51 53
3872 45 47 53 55
3873 45 47 55 57
3874 45 47 57 59
3875 45 47 59 61
3876 45 47 61 63
3877 45 47 63 65
3878 45 47 65 67
3879 45 47 67 69
3880 23 26 24 25
3881 23 26 25 29
3882 23 26 29 32
3883 23 26 32 35
3884 23 26 35 38
3885 23 26 38 41
3886 23 26 41 44
3887 23 26 44 47
3888 23 26 47 50
3889 23 26 50 53
3890 50 53 52 51
3891 50 53 51 47
3892 50 53 47 44
3893 50 53 44 41
3894 50 53 41 38
3895 50 53 38 35
3896 50 53 35 32
3897 50 53 32 29
3898 50 53 29 26
3899 50 53 26 23
3900 23 27 24 26
3901 23 27 26 31
3902 23 27 31 35
3903 23 27 35 39
3904 23 27 39 43
3905 23 27 43 47
3906 23 27 47 51
3907 23 27 51 55
3908 23 27 55 59
3909 23 27 59 63
3910 59 63 62 60
3911 59 63 60 55
3912 59 63 55 51
3913 59 63 51 47
3914 59 63 47 43
3915 59 63 43 39
3916 59 63 39 35
3917 59 63 35 31
3918 59 63 31 27
3919 59 63 27 23
3920 23 59 25 57
3921 23 59 57 27
3922 23 59 27 55
3923 23 59 55 29
3924 23 59 29 53
3925 23 59 53 31
3926 23 59 31 51
3927 23 59 51 33
3928 23 59 33 49
3929 23 59 49 35
3930 23 61 25 59
3931 23 61 59 27
3932 23 61 27 57
3933 23 61 57 29
3934 23 61 29 55
3935 23 61 55 31
3936 23 61 31 53
3937 23 61 53 33
3938 23 61 33 51
3939 23 61 51 35
3940 23 63 26 60
3941 23 63 60 29
3942 23 63 29 57
3943 23 63 57 32
3944 23 63 32 54
3945 23 63 54 35
3946 23 63 35 51
3947 23 63 51 38
3948 23 63 38 48
3949 23 63 48 41
3950 23 65 26 62
3951 23 65 62 29
3952 23 65 29 59
3953 23 65 59 32
3954 23 65 32 56
3955 23 65 56 35
3956 23 65 35 53
3957 23 65 53 38
3958 23 65 38 50
3959 23 65 50 41
3960 23 67 26 64
3961 23 67 64 29
3962 23 67 29 61
3963 23 67 61 32
3964 23 67 32 58
3965 23 67 58 35
3966 23 67 35 55
3967 23 67 55 38
3968 23 67 38 52
3969 23 67 52 41
3970 23 69 26 66
3971 23 69 66 29
3972 23 69 29 63
3973 23 69 63 32
3974 23 69 32 60
3975 23 69 60 35
3976 23 69 35 57
3977 23 69 57 38
3978 23 69 38 54
3979 23 69 54 41
3980 23 71 26 68
3981 23 71 68 29
3982 23 71 29 65
3983 23 71 65 32
3984 23 71 32 62
3985 23 71 62 35
3986 23 71 35 59
3987 23 71 59 38
3988 23 71 38 56
3989 23 71 56 41
3990 46 48 50 52
3991 46 48 52 54
3992 46 48 54 56
3993 46 48 56 58
3994 46 48 58 60
3995 46 48 60 62
3996 46 48 62 64
3997 46 48 64 66
3998 46 48 66 68
3999 46 48 68 70
4000 24 27 25 26
4001 24 27 26 30
4002 24 27 30 33
4003 24 27 33 36
4004 24 27 36 39
4005 24 27 39 42
4006 24 27 42 45
4007 24 27 45 48
4008 24 27 48 51
4009 24 27 51 54
4010 51 54 53 52
4011 51 54 52 48
4012 51 54 48 45
4013 51 54 45 42
4014 51 54 42 39
4015 51 54 39 36
4016 51 54 36 33
4017 51 54 33 30
4018 51 54 30 27
4019 51 54 27 24
4020 24 28 25 27
4021 24 28 27 32
4022 24 28 32 36
4023 24 28 36 40
4024 24 28 40 44
4025 24 28 44 48
4026 24 28 48 52
4027 24 28 52 56
4028 24 28 56 60
4029 24 28 60 64
4030 60 64 63 61
4031 60 64 61 56
4032 60 64 56 52
4033 60 64 52 48
4034 60 64 48 44
4035 60 64 44 40
4036 60 64 40 36
4037 60 64 36 32
4038 60 64 32 28
4039 60 64 28 24
4040 24 60 26 58
4041 24 60 58 28
4042 24 60 28 56
4043 24 60 56 30
4044 24 60 30 54
4045 24 60 54 32
4046 24 60 32 52
4047 24 60 52 34
4048 24 60 34 50
4049 24 60 50 36
4050 24 62 26 60
4051 24 62 60 28
4052 24 62 28 58
4053 24 62 58 30
4054 24 62 30 56
4055 24 62 56 32
4056 24 62 32 54
4057 24 62 54 34
4058 24 62 34 52
4059 24 62 52 36
4060 24 64 27 61
4061 24 64 61 30
4062 24 64 30 58
4063 24 64 58 33
4064 24 64 33 55
4065 24 64 55 36
4066 24 64 36 52
4067 24 64 52 39
4068 24 64 39 49
4069 24 64 49 42
4070 24 66 27 63
4071 24 66 63 30
4072 24 66 30 60
4073 24 66 60 33
4074 24 66 33 57
4075 24 66 57 36
4076 24 66 36 54
4077 24 66 54 39
4078 24 66 39 51
4079 24 66 51 42
4080 24 68 27 65
4081 24 68 65 30
4082 24 68 30 62
4083 24 68 62 33
4084 24 68 33 59
4085 24 68 59 36
4086 24 68 36 56
4087 24 68 56 39
4088 24 68 39 53
4089 24 68 53 42
4090 24 70 27 67
4091 24 70 67 30
4092 24 70 30 64
4093 24 70 64 33
4094 24 70 33 61
4095 24 70 61 36
4096 24 70 36 58
4097 24 70 58 39
4098 24 70 39 55
4099 24 70 55 42
4100 24 72 27 69
4101 24 72 69 30
4102 24 72 30 66
4103 24 72 66 33
4104 24 72 33 63
4105 24 72 63 36
4106 24 72 36 60
4107 24 72 60 39
4108 24 72 39 57
4109 24 72 57 42
4110 47 49 51 53
4111 47 49 53 55
4112 47 49 55 57
4113 47 49 57 59
4114 47 49 59 61
4115 47 49 61 63
4116 47 49 63 65
4117 47 49 65 67
4118 47 49 67 69
4119 47 49 69 71
4120 47 49 45 43
4121 47 49 43 41
4122 47 49 41 39
4123 47 49 39 37
4124 47 49 37 35
4125 47 49 35 33
4126 47 49 33 31
4127 47 49 31 29
4128 47 49 29 27
4129 47 49 27 25
4130 25 28 26 27
4131 25 28 27 31
4132 25 28 31 34
4133 25 28 34 37
4134 25 28 37 40
4135 25 28 40 43
4136 25 28 43 46
4137 25 28 46 49
4138 25 28 49 52
4139 25 28 52 55
4140 52 55 54 53
4141 52 55 53 49
4142 52 55 49 46
4143 52 55 46 43
4144 52 55 43 40
4145 52 55 40 37
4146 52 55 37 34
4147 52 55 34 31
4148 52 55 31 28
4149 52 55 28 25
4150 25 29 26 28
4151 25 29 28 33
4152 25 29 33 37
4153 25 29 37 41
4154 25 29 41 45
4155 25 29 45 49
4156 25 29 49 53
4157 25 29 53 57
4158 25 29 57 61
4159 25 29 61 65
4160 61 65 64 62
4161 61 65 62 57
4162 61 65 57 53
4163 61 65 53 49
4164 61 65 49 45
4165 61 65 45 41
4166 61 65 41 37
4167 61 65 37 33
4168 61 65 33 29
4169 61 65 29 25
4170 25 61 27 59
4171 25 61 59 29
4172 25 61 29 57
4173 25 61 57 31
4174 25 61 31 55
4175 25 61 55 33
4176 25 61 33 53
4177 25 61 53 35
4178 25 61 35 51
4179 25 61 51 37
4180 25 63 27 61
4181 25 63 61 29
4182 25 63 29 59
4183 25 63 59 31
4184 25 63 31 57
4185 25 63 57 33
4186 25 63 33 55
4187 25 63 55 35
4188 25 63 35 53
4189 25 63 53 37
4190 25 65 28 62
4191 25 65 62 31
4192 25 65 31 59
4193 25 65 59 34
4194 25 65 34 56
4195 25 65 56 37
4196 25 65 37 53
4197 25 65 53 40
4198 25 65 40 50
4199 25 65 50 43
4200 25 67 28 64
4201 25 67 64 31
4202 25 67 31 61
4203 25 67 61 34
4204 25 67 34 58
4205 25 67 58 37
4206 25 67 37 55
4207 25 67 55 40
4208 25 67 40 52
4209 25 67 52 43
4210 25 69 28 66
4211 25 69 66 31
4212 25 69 31 63
4213 25 69 63 34
4214 25 69 34 60
4215 25 69 60 37
4216 25 69 37 57
4217 25 69 57 40
4218 25 69 40 54
4219 25 69 54 43
4220 25 71 28 68
4221 25 71 68 31
4222 25 71 31 65
4223 25 71 65 34
4224 25 71 34 62
4225 25 71 62 37
4226 25 71 37 59
4227 25 71 59 40
4228 25 71 40 56
4229 25 71 56 43
4230 37 38 39 40
4231 37 38 40 41
4232 37 38 41 42
4233 37 38 42 43
4234 37 38 43 44
4235 37 38 44 45
4236 37 38 45 46
4237 37 38 46 47
4238 37 38 47 48
4239 37 38 48 49
4240 48 50 52 54
4241 48 50 54 56
4242 48 50 56 58
4243 48 50 58 60
4244 48 50 60 62
4245 48 50 62 64
4246 48 50 64 66
4247 48 50 66 68
4248 48 50 68 70
4249 48 50 70 72
4250 48 50 46 44
4251 48 50 44 42
4252 48 50 42 40
4253 48 50 40 38
4254 48 50 38 36
4255 48 50 36 34
4256 48 50 34 32
4257 48 50 32 30
4258 48 50 30 28
4259 48 50 28 26
4260 26 29 27 28
4261 26 29 28 32
4262 26 29 32 35
4263 26 29 35 38
4264 26 29 38 41
4265 26 29 41 44
4266 26 29 44 47
4267 26 29 47 50
4268 26 29 50 53
4269 26 29 53 56
4270 53 56 55 54
4271 53 56 54 50
4272 53 56 50 47
4273 53 56 47 44
4274 53 56 44 41
4275 53 56 41 38
4276 53 56 38 35
4277 53 56 35 32
4278 53 56 32 29
4279 53 56 29 26
4280 26 30 27 29
4281 26 30 29 34
4282 26 30 34 38
4283 26 30 38 42
4284 26 30 42 46
4285 26 30 46 50
4286 26 30 50 54
4287 26 30 54 58
4288 26 30 58 62
4289 26 30 62 66
4290 62 66 65 63
4291 62 66 63 58
4292 62 66 58 54
4293 62 66 54 50
4294 62 66 50 46
4295 62 66 46 42
4296 62 66 42 38
4297 62 66 38 34
4298 62 66 34 30
4299 62 66 30 26
4300 26 62 28 60
4301 26 62 60 30
4302 26 62 30 58
4303 26 62 58 32
4304 26 62 32 56
4305 26 62 56 34
4306 26 62 34 54
4307 26 62 54 36
4308 26 62 36 52
4309 26 62 52 38
4310 26 64 28 62
4311 26 64 62 30
4312 26 64 30 60
4313 26 64 60 32
4314 26 64 32 58
4315 26 64 58 34
4316 26 64 34 56
4317 26 64 56 36
4318 26 64 36 54
4319 26 64 54 38
4320 26 66 29 63
4321 26 66 63 32
4322 26 66 32 60
4323 26 66 60 35
4324 26 66 35 57
4325 26 66 57 38
4326 26 66 38 54
4327 26 66 54 41
4328 26 66 41 51
4329 26 66 51 44
4330 26 68 29 65
4331 26 68 65 32
4332 26 68 32 62
4333 26 68 62 35
4334 26 68 35 59
4335 26 68 59 38
4336 26 68 38 56
4337 26 68 56 41
4338 26 68 41 53
4339 26 68 53 44
4340 26 70 29 67
4341 26 70 67 32
4342 26 70 32 64
4343 26 70 64 35
4344 26 70 35 61
4345 26 70 61 38
4346 26 70 38 58
4347 26 70 58 41
4348 26 70 41 55
4349 26 70 55 44
4350 26 72 29 69
4351 26 72 69 32
4352 26 72 32 66
4353 26 72 66 35
4354 26 72 35 63
4355 26 72 63 38
4356 26 72 38 60
4357 26 72 60 41
4358 26 72 41 57
4359 26 72 57 44
4360 38 39 40 41
4361 38 39 41 42
4362 38 39 42 43
4363 38 39 43 44
4364 38 39 44 45
4365 38 39 45 46
4366 38 39 46 47
4367 38 39 47 48
4368 38 39 48 49
4369 38 39 49 50
4370 49 51 47 45
4371 49 51 45 43
4372 49 51 43 41
4373 49 51 41 39
4374 49 51 39 37
4375 49 51 37 35
4376 49 51 35 33
4377 49 51 33 31
4378 49 51 31 29
4379 49 51 29 27
4380 27 30 28 29
4381 27 30 29 33
4382 27 30 33 36
4383 27 30 36 39
4384 27 30 39 42
4385 27 30 42 45
4386 27 30 45 48
4387 27 30 48 51
4388 27 30 51 54
4389 27 30 54 57
4390 54 57 56 55
4391 54 57 55 51
4392 54 57 51 48
4393 54 57 48 45
4394 54 57 45 42
4395 54 57 42 39
4396 54 57 39 36
4397 54 57 36 33
4398 54 57 33 30
4399 54 57 30 27
4400 27 31 28 30
4401 27 31 30 35
4402 27 31 35 39
4403 27 31 39 43
4404 27 31 43 47
4405 27 31 47 51
4406 27 31 51 55
4407 27 31 55 59
4408 27 31 59 63
4409 27 31 63 67
4410 63 67 66 64
4411 63 67 64 59
4412 63 67 59 55
4413 63 67 55 51
4414 63 67 51 47
4415 63 67 47 43
4416 63 67 43 39
4417 63 67 39 35
4418 63 67 35 31
4419 63 67 31 27
4420 27 63 29 61
4421 27 63 61 31
4422 27 63 31 59
4423 27 63 59 33
4424 27 63 33 57
4425 27 63 57 35
4426 27 63 35 55
4427 27 63 55 37
4428 27 63 37 53
4429 27 63 53 39
4430 27 65 29 63
4431 27 65 63 31
4432 27 65 31 61
4433 27 65 61 33
4434 27 65 33 59
4435 27 65 59 35
4436 27 65 35 57
4437 27 65 57 37
4438 27 65 37 55
4439 27 65 55 39
4440 27 67 30 64
4441 27 67 64 33
4442 27 67 33 61
4443 27 67 61 36
4444 27 67 36 58
4445 27 67 58 39
4446 27 67 39 55
4447 27 67 55 42
4448 27 67 42 52
4449 27 67 52 45
4450 27 69 30 66
4451 27 69 66 33
4452 27 69 33 63
4453 27 69 63 36
4454 27 69 36 60
4455 27 69 60 39
4456 27 69 39 57
4457 27 69 57 42
4458 27 69 42 54
4459 27 69 54 45
4460 27 71 30 68
4461 27 71 68 33
4462 27 71 33 65
4463 27 71 65 36
4464 27 71 36 62
4465 27 71 62 39
4466 27 71 39 59
4467 27 71 59 42
4468 27 71 42 56
4469 27 71 56 45
4470 39 40 41 42
4471 39 40 42 43
4472 39 40 43 44
4473 39 40 44 45
4474 39 40 45 46
4475 39 40 46 47
4476 39 40 47 48
4477 39 40 48 49
4478 39 40 49 50
4479 39 40 50 51
4480 50 52 48 46
4481 50 52 46 44
4482 50 52 44 42
4483 50 52 42 40
4484 50 52 40 38
4485 50 52 38 36
4486 50 52 36 34
4487 50 52 34 32
4488 50 52 32 30
4489 50 52 30 28
4490 55 58 57 56
4491 55 58 56 52
4492 55 58 52 49
4493 55 58 49 46
4494 55 58 46 43
4495 55 58 43 40
4496 55 58 40 37
4497 55 58 37 34
4498 55 58 34 31
4499 55 58 31 28
4500 28 32 29 31
4501 28 32 31 36
4502 28 32 36 40
4503 28 32 40 44
4504 28 32 44 48
4505 28 32 48 52
4506 28 32 52 56
4507 28 32 56 60
4508 28 32 60 64
4509 28 32 64 68
4510 64 68 67 65
4511 64 68 65 60
4512 64 68 60 56
4513 64 68 56 52
4514 64 68 52 48
4515 64 68 48 44
4516 64 68 44 40
4517 64 68 40 36
4518 64 68 36 32
4519 64 68 32 28
4520 28 64 30 62
4521 28 64 62 32
4522 28 64 32 60
4523 28 64 60 34
4524 28 64 34 58
4525 28 64 58 36
4526 28 64 36 56
4527 28 64 56 38
4528 28 64 38 54
4529 28 64 54 40
4530 28 66 30 64
4531 28 66 64 32
4532 28 66 32 62
4533 28 66 62 34
4534 28 66 34 60
4535 28 66 60 36
4536 28 66 36 58
4537 28 66 58 38
4538 28 66 38 56
4539 28 66 56 40
4540 28 68 31 65
4541 28 68 65 34
4542 28 68 34 62
4543 28 68 62 37
4544 28 68 37 59
4545 28 68 59 40
4546 28 68 40 56
4547 28 68 56 43
4548 28 68 43 53
4549 28 68 53 46
4550 28 70 31 67
4551 28 70 67 34
4552 28 70 34 64
4553 28 70 64 37
4554 28 70 37 61
4555 28 70 61 40
4556 28 70 40 58
4557 28 70 58 43
4558 28 70 43 55
4559 28 70 55 46
4560 28 72 31 69
4561 28 72 69 34
4562 28 72 34 66
4563 28 72 66 37
4564 28 72 37 63
4565 28 72 63 40
4566 28 72 40 60
4567 28 72 60 43
4568 28 72 43 57
4569 28 72 57 46
4570 40 41 42 43
4571 40 41 43 44
4572 40 41 44 45
4573 40 41 45 46
4574 40 41 46 47
4575 40 41 47 48
4576 40 41 48 49
4577 40 41 49 50
4578 40 41 50 51
4579 40 41 51 52
4580 51 53 49 47
4581 51 53 47 45
4582 51 53 45 43
4583 51 53 43 41
4584 51 53 41 39
4585 51 53 39 37
4586 51 53 37 35
4587 51 53 35 33
4588 51 53 33 31
4589 51 53 31 29
4590 56 59 58 57
4591 56 59 57 53
4592 56 59 53 50
4593 56 59 50 47
4594 56 59 47 44
4595 56 59 44 41
4596 56 59 41 38
4597 56 59 38 35
4598 56 59 35 32
4599 56 59 32 29
4600 29 33 30 32
4601 29 33 32 37
4602 29 33 37 41
4603 29 33 41 45
4604 29 33 45 49
4605 29 33 49 53
4606 29 33 53 57
4607 29 33 57 61
4608 29 33 61 65
4609 29 33 65 69
4610 65 69 68 66
4611 65 69 66 61
4612 65 69 61 57
4613 65 69 57 53
4614 65 69 53 49
4615 65 69 49 45
4616 65 69 45 41
4617 65 69 41 37
4618 65 69 37 33
4619 65 69 33 29
4620 29 65 31 63
4621 29 65 63 33
4622 29 65 33 61
4623 29 65 61 35
4624 29 65 35 59
4625 29 65 59 37
4626 29 65 37 57
4627 29 65 57 39
4628 29 65 39 55
4629 29 65 55 41
4630 29 67 31 65
4631 29 67 65 33
4632 29 67 33 63
4633 29 67 63 35
4634 29 67 35 61
4635 29 67 61 37
4636 29 67 37 59
4637 29 67 59 39
4638 29 67 39 57
4639 29 67 57 41
4640 29 69 32 66
4641 29 69 66 35
4642 29 69 35 63
4643 29 69 63 38
4644 29 69 38 60
4645 29 69 60 41
4646 29 69 41 57
4647 29 69 57 44
4648 29 69 44 54
4649 29 69 54 47
4650 29 71 32 68
4651 29 71 68 35
4652 29 71 35 65
4653 29 71 65 38
4654 29 71 38 62
4655 29 71 62 41
4656 29 71 41 59
4657 29 71 59 44
4658 29 71 44 56
4659 29 71 56 47
4660 41 42 43 44
4661 41 42 44 45
4662 41 42 45 46
4663 41 42 46 47
4664 41 42 47 48
4665 41 42 48 49
4666 41 42 49 50
4667 41 42 50 51
4668 41 42 51 52
4669 41 42 52 53
4670 52 54 50 48
4671 52 54 48 46
4672 52 54 46 44
4673 52 54 44 42
4674 52 54 42 40
4675 52 54 40 38
4676 52 54 38 36
4677 52 54 36 34
4678 52 54 34 32
4679 52 54 32 30
4680 57 60 59 58
4681 57 60 58 54
4682 57 60 54 51
4683 57 60 51 48
4684 57 60 48 45
4685 57 60 45 42
4686 57 60 42 39
4687 57 60 39 36
4688 57 60 36 33
4689 57 60 33 30
4690 30 34 31 33
4691 30 34 33 38
4692 30 34 38 42
4693 30 34 42 46
4694 30 34 46 50
4695 30 34 50 54
4696 30 34 54 58
4697 30 34 58 62
4698 30 34 62 66
4699 30 34 66 70
4700 66 70 69 67
4701 66 70 67 62
4702 66 70 62 58
4703 66 70 58 54
4704 66 70 54 50
4705 66 70 50 46
4706 66 70 46 42
4707 66 70 42 38
4708 66 70 38 34
4709 66 70 34 30
4710 30 66 32 64
4711 30 66 64 34
4712 30 66 34 62
4713 30 66 62 36
4714 30 66 36 60
4715 30 66 60 38
4716 30 66 38 58
4717 30 66 58 40
4718 30 66 40 56
4719 30 66 56 42
4720 30 68 32 66
4721 30 68 66 34
4722 30 68 34 64
4723 30 68 64 36
4724 30 68 36 62
4725 30 68 62 38
4726 30 68 38 60
4727 30 68 60 40
4728 30 68 40 58
4729 30 68 58 42
4730 30 70 33 67
4731 30 70 67 36
4732 30 70 36 64
4733 30 70 64 39
4734 30 70 39 61
4735 30 70 61 42
4736 30 70 42 58
4737 30 70 58 45
4738 30 70 45 55
4739 30 70 55 48
4740 30 72 33 69
4741 30 72 69 36
4742 30 72 36 66
4743 30 72 66 39
4744 30 72 39 63
4745 30 72 63 42
4746 30 72 42 60
4747 30 72 60 45
4748 30 72 45 57
4749 30 72 57 48
4750 42 43 44 45
4751 42 43 45 46
4752 42 43 46 47
4753 42 43 47 48
4754 42 43 48 49
4755 42 43 49 50
4756 42 43 50 51
4757 42 43 51 52
4758 42 43 52 53
4759 42 43 53 54
4760 53 55 51 49
4761 53 55 49 47
4762 53 55 47 45
4763 53 55 45 43
4764 53 55 43 41
4765 53 55 41 39
4766 53 55 39 37
4767 53 55 37 35
4768 53 55 35 33
4769 53 55 33 31
4770 58 61 60 59
4771 58 61 59 55
4772 58 61 55 52
4773 58 61 52 49
4774 58 61 49 46
4775 58 61 46 43
4776 58 61 43 40
4777 58 61 40 37
4778 58 61 37 34
4779 58 61 34 31
4780 31 35 32 34
4781 31 35 34 39
4782 31 35 39 43
4783 31 35 43 47
4784 31 35 47 51
4785 31 35 51 55
4786 31 35 55 59
4787 31 35 59 63
4788 31 35 63 67
4789 31 35 67 71
4790 67 71 70 68
4791 67 71 68 63
4792 67 71 63 59
4793 67 71 59 55
4794 67 71 55 51
4795 67 71 51 47
4796 67 71 47 43
4797 67 71 43 39
4798 67 71 39 35
4799 67 71 35 31
4800 31 67 33 65
4801 31 67 65 35
4802 31 67 35 63
4803 31 67 63 37
4804 31 67 37 61
4805 31 67 61 39
4806 31 67 39 59
4807 31 67 59 41
4808 31 67 41 57
4809 31 67 57 43
4810 31 69 33 67
4811 31 69 67 35
4812 31 69 35 65
4813 31 69 65 37
4814 31 69 37 63
4815 31 69 63 39
4816 31 69 39 61
4817 31 69 61 41
4818 31 69 41 59
4819 31 69 59 43
4820 31 71 34 68
4821 31 71 68 37
4822 31 71 37 65
4823 31 71 65 40
4824 31 71 40 62
4825 31 71 62 43
4826 31 71 43 59
4827 31 71 59 46
4828 31 71 46 56
4829 31 71 56 49
4830 43 44 45 46
4831 43 44 46 47
4832 43 44 47 48
4833 43 44 48 49
4834 43 44 49 50
4835 43 44 50 51
4836 43 44 51 52
4837 43 44 52 53
4838 43 44 53 54
4839 43 44 54 55
4840 54 56 52 50
4841 54 56 50 48
4842 54 56 48 46
4843 54 56 46 44
4844 54 56 44 42
4845 54 56 42 40
4846 54 56 40 38
4847 54 56 38 36
4848 54 56 36 34
4849 54 56 34 32
4850 59 62 61 60
4851 59 62 60 56
4852 59 62 56 53
4853 59 62 53 50
4854 59 62 50 47
4855 59 62 47 44
4856 59 62 44 41
4857 59 62 41 38
4858 59 62 38 35
4859 59 62 35 32
4860 32 36 33 35
4861 32 36 35 40
4862 32 36 40 44
4863 32 36 44 48
4864 32 36 48 52
4865 32 36 52 56
4866 32 36 56 60
4867 32 36 60 64
4868 32 36 64 68
4869 32 36 68 72
4870 68 72 71 69
4871 68 72 69 64
4872 68 72 64 60
4873 68 72 60 56
4874 68 72 56 52
4875 68 72 52 48
4876 68 72 48 44
4877 68 72 44 40
4878 68 72 40 36
4879 68 72 36 32
4880 32 68 34 66
4881 32 68 66 36
4882 32 68 36 64
4883 32 68 64 38
4884 32 68 38 62
4885 32 68 62 40
4886 32 68 40 60
4887 32 68 60 42
4888 32 68 42 58
4889 32 68 58 44
4890 32 70 34 68
4891 32 70 68 36
4892 32 70 36 66
4893 32 70 66 38
4894 32 70 38 64
4895 32 70 64 40
4896 32 70 40 62
4897 32 70 62 42
4898 32 70 42 60
4899 32 70 60 44
4900 32 72 35 69
4901 32 72 69 38
4902 32 72 38 66
4903 32 72 66 41
4904 32 72 41 63
4905 32 72 63 44
4906 32 72 44 60
4907 32 72 60 47
4908 32 72 47 57
4909 32 72 57 50
4910 44 45 46 47
4911 44 45 47 48
4912 44 45 48 49
4913 44 45 49 50
4914 44 45 50 51
4915 44 45 51 52
4916 44 45 52 53
4917 44 45 53 54
4918 44 45 54 55
4919 44 45 55 56
4920 55 57 53 51
4921 55 57 51 49
4922 55 57 49 47
4923 55 57 47 45
4924 55 57 45 43
4925 55 57 43 41
4926 55 57 41 39
4927 55 57 39 37
4928 55 57 37 35
4929 55 57 35 33
4930 60 63 62 61
4931 60 63 61 57
4932 60 63 57 54
4933 60 63 54 51
4934 60 63 51 48
4935 60 63 48 45
4936 60 63 45 42
4937 60 63 42 39
4938 60 63 39 36
4939 60 63 36 33
4940 33 69 35 67
4941 33 69 67 37
4942 33 69 37 65
4943 33 69 65 39
4944 33 69 39 63
4945 33 69 63 41
4946 33 69 41 61
4947 33 69 61 43
4948 33 69 43 59
4949 33 69 59 45
4950 33 71 35 69
4951 33 71 69 37
4952 33 71 37 67
4953 33 71 67 39
4954 33 71 39 65
4955 33 71 65 41
4956 33 71 41 63
4957 33 71 63 43
4958 33 71 43 61
4959 33 71 61 45
4960 45 46 47 48
4961 45 46 48 49
4962 45 46 49 50
4963 45 46 50 51
4964 45 46 51 52
4965 45 46 52 53
4966 45 46 53 54
4967 45 46 54 55
4968 45 46 55 56
4969 45 46 56 57
4970 56 58 54 52
4971 56 58 52 50
4972 56 58 50 48
4973 56 58 48 46
4974 56 58 46 44
4975 56 58 44 42
4976 56 58 42 40
4977 56 58 40 38
4978 56 58 38 36
4979 56 58 36 34
4980 61 64 63 62
4981 61 64 62 58
4982 61 64 58 55
4983 61 64 55 52
4984 61 64 52 49
4985 61 64 49 46
4986 61 64 46 43
4987 61 64 43 40
4988 61 64 40 37
4989 61 64 37 34
4990 34 70 36 68
4991 34 70 68 38
4992 34 70 38 66
4993 34 70 66 40
4994 34 70 40 64
4995 34 70 64 42
4996 34 70 42 62
4997 34 70 62 44
4998 34 70 44 60
4999 34 70 60 46
5000 34 72 36 70
5001 34 72 70 38
5002 34 72 38 68
5003 34 72 68 40
5004 34 72 40 66
5005 34 72 66 42
5006 34 72 42 64
5007 34 72 64 44
5008 34 72 44 62
5009 34 72 62 46
5010 46 47 48 49
5011 46 47 49 50
5012 46 47 50 51
5013 46 47 51 52
5014 46 47 52 53
5015 46 47 53 54
5016 46 47 54 55
5017 46 47 55 56
5018 46 47 56 57
5019 46 47 57 58
5020 57 59 55 53
5021 57 59 53 51
5022 57 59 51 49
5023 57 59 49 47
5024 57 59 47 45
5025 57 59 45 43
5026 57 59 43 41
5027 57 59 41 39
5028 57 59 39 37
5029 57 59 37 35
5030 62 65 64 63
5031 62 65 63 59
5032 62 65 59 56
5033 62 65 56 53
5034 62 65 53 50
5035 62 65 50 47
5036 62 65 47 44
5037 62 65 44 41
5038 62 65 41 38
5039 62 65 38 35
5040 35 71 37 69
5041 35 71 69 39
5042 35 71 39 67
5043 35 71 67 41
5044 35 71 41 65
5045 35 71 65 43
5046 35 71 43 63
5047 35 71 63 45
5048 35 71 45 61
5049 35 71 61 47
5050 47 48 49 50
5051 47 48 50 51
5052 47 48 51 52
5053 47 48 52 53
5054 47 48 53 54
5055 47 48 54 55
5056 47 48 55 56
5057 47 48 56 57
5058 47 48 57 58
5059 47 48 58 59
5060 58 60 56 54
5061 58 60 54 52
5062 58 60 52 50
5063 58 60 50 48
5064 58 60 48 46
5065 58 60 46 44
5066 58 60 44 42
5067 58 60 42 40
5068 58 60 40 38
5069 58 60 38 36
5070 63 66 65 64
5071 63 66 64 60
5072 63 66 60 57
5073 63 66 57 54
5074 63 66 54 51
5075 63 66 51 48
5076 63 66 48 45
5077 63 66 45 42
5078 63 66 42 39
5079 63 66 39 36
5080 36 72 38 70
5081 36 72 70 40
5082 36 72 40 68
5083 36 72 68 42
5084 36 72 42 66
5085 36 72 66 44
5086 36 72 44 64
5087 36 72 64 46
5088 36 72 46 62
5089 36 72 62 48
5090 48 49 50 51
5091 48 49 51 52
5092 48 49 52 53
5093 48 49 53 54
5094 48 49 54 55
5095 48 49 55 56
5096 48 49 56 57
5097 48 49 57 58
5098 48 49 58 59
5099 48 49 59 60
5100 48 49 47 46
5101 48 49 46 45
5102 48 49 45 44
5103 48 49 44 43
5104 48 49 43 42
5105 48 49 42 41
5106 48 49 41 40
5107 48 49 40 39
5108 48 49 39 38
5109 48 49 38 37
5110 59 61 57 55
5111 59 61 55 53
5112 59 61 53 51
5113 59 61 51 49
5114 59 61 49 47
5115 59 61 47 45
5116 59 61 45 43
5117 59 61 43 41
5118 59 61 41 39
5119 59 61 39 37
5120 64 67 66 65
5121 64 67 65 61
5122 64 67 61 58
5123 64 67 58 55
5124 64 67 55 52
5125 64 67 52 49
5126 64 67 49 46
5127 64 67 46 43
5128 64 67 43 40
5129 64 67 40 37
5130 49 50 51 52
5131 49 50 52 53
5132 49 50 53 54
5133 49 50 54 55
5134 49 50 55 56
5135 49 50 56 57
5136 49 50 57 58
5137 49 50 58 59
5138 49 50 59 60
5139 49 50 60 61
5140 49 50 48 47
5141 49 50 47 46
5142 49 50 46 45
5143 49 50 45 44
5144 49 50 44 43
5145 49 50 43 42
5146 49 50 42 41
5147 49 50 41 40
5148 49 50 40 39
5149 49 50 39 38
5150 60 62 58 56
5151 60 62 56 54
5152 60 62 54 52
5153 60 62 52 50
5154 60 62 50 48
5155 60 62 48 46
5156 60 62 46 44
5157 60 62 44 42
5158 60 62 42 40
5159 60 62 40 38
5160 65 68 67 66
5161 65 68 66 62
5162 65 68 62 59
5163 65 68 59 56
5164 65 68 56 53
5165 65 68 53 50
5166 65 68 50 47
5167 65 68 47 44
5168 65 68 44 41
5169 65 68 41 38
5170 50 51 52 53
5171 50 51 53 54
5172 50 51 54 55
5173 50 51 55 56
5174 50 51 56 57
5175 50 51 57 58
5176 50 51 58 59
5177 50 51 59 60
5178 50 51 60 61
5179 50 51 61 62
5180 50 51 49 48
5181 50 51 48 47
5182 50 51 47 46
5183 50 51 46 45
5184 50 51 45 44
5185 50 51 44 43
5186 50 51 43 42
5187 50 51 42 41
5188 50 51 41 40
5189 50 51 40 39
5190 61 63 59 57
5191 61 63 57 55
5192 61 63 55 53
5193 61 63 53 51
5194 61 63 51 49
5195 61 63 49 47
5196 61 63 47 45
5197 61 63 45 43
5198 61 63 43 41
5199 61 63 41 39
5200 66 69 68 67
5201 66 69 67 63
5202 66 69 63 60
5203 66 69 60 57
5204 66 69 57 54
5205 66 69 54 51
5206 66 69 51 48
5207 66 69 48 45
5208 66 69 45 42
5209 66 69 42 39
5210 51 52 53 54
5211 51 52 54 55
5212 51 52 55 56
5213 51 52 56 57
5214 51 52 57 58
5215 51 52 58 59
5216 51 52 59 60
5217 51 52 60 61
5218 51 52 61 62
5219 51 52 62 63
5220 51 52 50 49
5221 51 52 49 48
5222 51 52 48 47
5223 51 52 47 46
5224 51 52 46 45
5225 51 52 45 44
5226 51 52 44 43
5227 51 52 43 42
5228 51 52 42 41
5229 51 52 41 40
5230 62 64 60 58
5231 62 64 58 56
5232 62 64 56 54
5233 62 64 54 52
5234 62 64 52 50
5235 62 64 50 48
5236 62 64 48 46
5237 62 64 46 44
5238 62 64 44 42
5239 62 64 42 40
5240 67 70 69 68
5241 67 70 68 64
5242 67 70 64 61
5243 67 70 61 58
5244 67 70 58 55
5245 67 70 55 52
5246 67 70 52 49
5247 67 70 49 46
5248 67 70 46 43
5249 67 70 43 40
5250 52 53 54 55
5251 52 53 55 56
5252 52 53 56 57
5253 52 53 57 58
5254 52 53 58 59
5255 52 53 59 60
5256 52 53 60 61
5257 52 53 61 62
5258 52 53 62 63
5259 52 53 63 64
5260 52 53 51 50
5261 52 53 50 49
5262 52 53 49 48
5263 52 53 48 47
5264 52 53 47 46
5265 52 53 46 45
5266 52 53 45 44
5267 52 53 44 43
5268 52 53 43 42
5269 52 53 42 41
5270 63 65 61 59
5271 63 65 59 57
5272 63 65 57 55
5273 63 65 55 53
5274 63 65 53 51
5275 63 65 51 49
5276 63 65 49 47
5277 63 65 47 45
5278 63 65 45 43
5279 63 65 43 41
5280 68 71 70 69
5281 68 71 69 65
5282 68 71 65 62
5283 68 71 62 59
5284 68 71 59 56
5285 68 71 56 53
5286 68 71 53 50
5287 68 71 50 47
5288 68 71 47 44
5289 68 71 44 41
5290 53 54 55 56
5291 53 54 56 57
5292 53 54 57 58
5293 53 54 58 59
5294 53 54 59 60
5295 53 54 60 61
5296 53 54 61 62
5297 53 54 62 63
5298 53 54 63 64
5299 53 54 64 65
5300 53 54 52 51
5301 53 54 51 50
5302 53 54 50 49
5303 53 54 49 48
5304 53 54 48 47
5305 53 54 47 46
5306 53 54 46 45
5307 53 54 45 44
5308 53 54 44 43
5309 53 54 43 42
5310 64 66 62 60
5311 64 66 60 58
5312 64 66 58 56
5313 64 66 56 54
5314 64 66 54 52
5315 64 66 52 50
5316 64 66 50 48
5317 64 66 48 46
5318 64 66 46 44
5319 64 66 44 42
5320 69 72 71 70
5321 69 72 70 66
5322 69 72 66 63
5323 69 72 63 60
5324 69 72 60 57
5325 69 72 57 54
5326 69 72 54 51
5327 69 72 51 48
5328 69 72 48 45
5329 69 72 45 42
5330 54 55 56 57
5331 54 55 57 58
5332 54 55 58 59
5333 54 55 59 60
5334 54 55 60 61
5335 54 55 61 62
5336 54 55 62 63
5337 54 55 63 64
5338 54 55 64 65
5339 54 55 65 66
5340 54 55 53 52
5341 54 55 52 51
5342 54 55 51 50
5343 54 55 50 49
5344 54 55 49 48
5345 54 55 48 47
5346 54 55 47 46
5347 54 55 46 45
5348 54 55 45 44
5349 54 55 44 43
5350 65 67 63 61
5351 65 67 61 59
5352 65 67 59 57
5353 65 67 57 55
5354 65 67 55 53
5355 65 67 53 51
5356 65 67 51 49
5357 65 67 49 47
5358 65 67 47 45
5359 65 67 45 43
5360 55 56 57 58
5361 55 56 58 59
5362 55 56 59 60
5363 55 56 60 61
5364 55 56 61 62
5365 55 56 62 63
5366 55 56 63 64
5367 55 56 64 65
5368 55 56 65 66
5369 55 56 66 67
5370 55 56 54 53
5371 55 56 53 52
5372 55 56 52 51
5373 55 56 51 50
5374 55 56 50 49
5375 55 56 49 48
5376 55 56 48 47
5377 55 56 47 46
5378 55 56 46 45
5379 55 56 45 44
5380 66 68 64 62
5381 66 68 62 60
5382 66 68 60 58
5383 66 68 58 56
5384 66 68 56 54
5385 66 68 54 52
5386 66 68 52 50
5387 66 68 50 48
5388 66 68 48 46
5389 66 68 46 44
5390 56 57 58 59
5391 56 57 59 60
5392 56 57 60 61
5393 56 57 61 62
5394 56 57 62 63
5395 56 57 63 64
5396 56 57 64 65
5397 56 57 65 66
5398 56 57 66 67
5399 56 57 67 68
5400 56 57 55 54
5401 56 57 54 53
5402 56 57 53 52
5403 56 57 52 51
5404 56 57 51 50
5405 56 57 50 49
5406 56 57 49 48
5407 56 57 48 47
5408 56 57 47 46
5409 56 57 46 45
5410 67 69 65 63
5411 67 69 63 61
5412 67 69 61 59
5413 67 69 59 57
5414 67 69 57 55
5415 67 69 55 53
5416 67 69 53 51
5417 67 69 51 49
5418 67 69 49 47
5419 67 69 47 45
5420 57 58 59 60
5421 57 58 60 61
5422 57 58 61 62
5423 57 58 62 63
5424 57 58 63 64
5425 57 58 64 65
5426 57 58 65 66
5427 57 58 66 67
5428 57 58 67 68
5429 57 58 68 69
5430 57 58 56 55
5431 57 58 55 54
5432 57 58 54 53
5433 57 58 53 52
5434 57 58 52 51
5435 57 58 51 50
5436 57 58 50 49
5437 57 58 49 48
5438 57 58 48 47
5439 57 58 47 46
5440 68 70 66 64
5441 68 70 64 62
5442 68 70 62 60
5443 68 70 60 58
5444 68 70 58 56
5445 68 70 56 54
5446 68 70 54 52
5447 68 70 52 50
5448 68 70 50 48
5449 68 70 48 46
5450 58 59 60 61
5451 58 59 61 62
5452 58 59 62 63
5453 58 59 63 64
5454 58 59 64 65
5455 58 59 65 66
5456 58 59 66 67
5457 58 59 67 68
5458 58 59 68 69
5459 58 59 69 70
5460 58 59 57 56
5461 58 59 56 55
5462 58 59 55 54
5463 58 59 54 53
5464 58 59 53 52
5465 58 59 52 51
5466 58 59 51 50
5467 58 59 50 49
5468 58 59 49 48
5469 58 59 48 47
5470 69 71 67 65
5471 69 71 65 63
5472 69 71 63 61
5473 69 71 61 59
5474 69 71 59 57
5475 69 71 57 55
5476 69 71 55 53
5477 69 71 53 51
5478 69 71 51 49
5479 69 71 49 47
5480 59 60 61 62
5481 59 60 62 63
5482 59 60 63 64
5483 59 60 64 65
5484 59 60 65 66
5485 59 60 66 67
5486 59 60 67 68
5487 59 60 68 69
5488 59 60 69 70
5489 59 60 70 71
5490 59 60 58 57
5491 59 60 57 56
5492 59 60 56 55
5493 59 60 55 54
5494 59 60 54 53
5495 59 60 53 52
5496 59 60 52 51
5497 59 60 51 50
5498 59 60 50 49
5499 59 60 49 48
5500 70 72 68 66
5501 70 72 66 64
5502 70 72 64 62
5503 70 72 62 60
5504 70 72 60 58
5505 70 72 58 56
5506 70 72 56 54
5507 70 72 54 52
5508 70 72 52 50
5509 70 72 50 48
5510 60 61 62 63
5511 60 61 63 64
5512 60 61 64 65
5513 60 61 65 66
5514 60 61 66 67
5515 60 61 67 68
5516 60 61 68 69
5517 60 61 69 70
5518 60 61 70 71
5519 60 61 71 72
5520 60 61 59 58
5521 60 61 58 57
5522 60 61 57 56
5523 60 61 56 55
5524 60 61 55 54
5525 60 61 54 53
5526 60 61 53 52
5527 60 61 52 51
5528 60 61 51 50
5529 60 61 50 49
5530 61 62 60 59
5531 61 62 59 58
5532 61 62 58 57
5533 61 62 57 56
5534 61 62 56 55
5535 61 62 55 54
5536 61 62 54 53
5537 61 62 53 52
5538 61 62 52 51
5539 61 62 51 50
5540 62 63 61 60
5541 62 63 60 59
5542 62 63 59 58
5543 62 63 58 57
5544 62 63 57 56
5545 62 63 56 55
5546 62 63 55 54
5547 62 63 54 53
5548 62 63 53 52
5549 62 63 52 51
5550 63 64 62 61
5551 63 64 61 60
5552 63 64 60 59
5553 63 64 59 58
5554 63 64 58 57
5555 63 64 57 56
5556 63 64 56 55
5557 63 64 55 54
5558 63 64 54 53
5559 63 64 53 52
5560 64 65 63 62
5561 64 65 62 61
5562 64 65 61 60
5563 64 65 60 59
5564 64 65 59 58
5565 64 65 58 57
5566 64 65 57 56
5567 64 65 56 55
5568 64 65 55 54
5569 64 65 54 53
5570 65 66 64 63
5571 65 66 63 62
5572 65 66 62 61
5573 65 66 61 60
5574 65 66 60 59
5575 65 66 59 58
5576 65 66 58 57
5577 65 66 57 56
5578 65 66 56 55
5579 65 66 55 54
5580 66 67 65 64
5581 66 67 64 63
5582 66 67 63 62
5583 66 67 62 61
5584 66 67 61 60
5585 66 67 60 59
5586 66 67 59 58
5587 66 67 58 57
5588 66 67 57 56
5589 66 67 56 55
5590 67 68 66 65
5591 67 68 65 64
5592 67 68 64 63
5593 67 68 63 62
5594 67 68 62 61
5595 67 68 61 60
5596 67 68 60 59
5597 67 68 59 58
5598 67 68 58 57
5599 67 68 57 56
5600 68 69 67 66
5601 68 69 66 65
5602 68 69 65 64
5603 68 69 64 63
5604 68 69 63 62
5605 68 69 62 61
5606 68 69 61 60
5607 68 69 60 59
5608 68 69 59 58
5609 68 69 58 57
5610 69 70 68 67
5611 69 70 67 66
5612 69 70 66 65
5613 69 70 65 64
5614 69 70 64 63
5615 69 70 63 62
5616 69 70 62 61
5617 69 70 61 60
5618 69 70 60 59
5619 69 70 59 58
5620 70 71 69 68
5621 70 71 68 67
5622 70 71 67 66
5623 70 71 66 65
5624 70 71 65 64
5625 70 71 64 63
5626 70 71 63 62
5627 70 71 62 61
5628 70 71 61 60
5629 70 71 60 59
5630 71 72 70 69
5631 71 72 69 68
5632 71 72 68 67
5633 71 72 67 66
5634 71 72 66 65
5635 71 72 65 64
5636 71 72 64 63
5637 71 72 63 62
5638 71 72 62 61
